random_seed = 21521749

[(array([0.47474981, 0.21704306, 0.06593911, 0.03142369, 0.02271958,
         0.00227421, 0.02718406, 0.01529623, 0.03054248, 0.00216495]),
  7.856258180433065,
  100097),
 (array([0.36633851, 0.15381219, 0.03915815, 0.02521975, 0.02240622,
         0.01112607, 0.01579941, 0.00374973, 0.02607076, 0.00689102]),
  8.109048902581934,
  100097),
 (array([0.48776526, 0.24674443, 0.08275496, 0.02638834, 0.0206105 ,
         0.02253633, 0.03475482, 0.01748221, 0.01995915, 0.00253744]),
  7.756414698684225,
  100097),
 (array([ 0.41157475,  0.17546252,  0.04196893,  0.02144264,  0.00875041,
          0.02491506, -0.00079072,  0.01614858,  0.00687915, -0.00808325]),
  7.951461197243626,
  100097),
 (array([0.44412241, 0.21684722, 0.07010628, 0.00392691, 0.01840487,
         0.02167878, 0.0176555 , 0.01259816, 0.03383736, 0.00094011]),
  7.902491549775169,
  100097),
 (array([0.44604025, 0.2034146 , 0.07533024, 0.01809037, 0.00479142,
         0.02704165, 0.00123302, 0.02815343, 0.01925641, 0.00456725]),
  7.924357352972364,
  100097),
 (array([0.41309141, 0.18246893, 0.04402209, 0.02911438, 0.01112768,
         0.01162262, 0.01207354, 0.01452791, 0.02173188, 0.01962392]),
  7.969317456442013,
  100097),
 (array([0.37276399, 0.15013833, 0.0389721 , 0.01813326, 0.0194548 ,
         0.00989245, 0.01846602, 0.00314746, 0.01894596, 0.01701625]),
  8.075573565104735,
  100097),
 (array([0.3859815 , 0.16912883, 0.05627784, 0.01619933, 0.01003686,
         0.00482376, 0.01586193, 0.01311376, 0.02038052, 0.00130798]),
  8.026858188212882,
  100097),
 (array([3.96652150e-01, 1.66083834e-01, 4.20868310e-02, 1.14547798e-02,
         1.00727322e-02, 1.49477239e-02, 7.25614630e-03, 6.36244620e-03,
         1.23427248e-04, 1.31567279e-03]),
  7.956251243948115,
  100097)]

Giá trị trung bình (mean) của Rosenbrock (d=10, n=256) trong CEM: 7.952803233539813
Độ lệch chuẩn (std) của Rosenbrock (d=10, n=256) trong CEM: 0.09822710759279812