random_seed = 21521749

[(array([0.45843366, 0.2286738 , 0.06668688, 0.00119557, 0.01084396,
         0.02092967, 0.0018738 , 0.01086846, 0.03137134, 0.02954168]),
  7.909169772813928,
  100097),
 (array([ 0.4871883 ,  0.26640458,  0.0724045 ,  0.01489734,  0.0146263 ,
         -0.00226474,  0.00826359,  0.01247818,  0.01950841,  0.0079804 ]),
  7.708340847614535,
  100097),
 (array([0.49100926, 0.22258071, 0.06365759, 0.00964918, 0.01413855,
         0.00741011, 0.02022782, 0.03074899, 0.00084605, 0.01601313]),
  7.81648008338486,
  100097),
 (array([ 0.49177511,  0.25202688,  0.08424645,  0.03391212,  0.02002504,
          0.03032769,  0.0193376 ,  0.01319425,  0.00630483, -0.00081208]),
  7.717835513234951,
  100097),
 (array([ 0.45487583,  0.23576863,  0.07109505,  0.01828198,  0.017138  ,
          0.0018845 ,  0.0030664 ,  0.01897284,  0.03074739, -0.00443457]),
  7.851278803642399,
  100097),
 (array([ 0.50495665,  0.26031623,  0.10010844,  0.00847435,  0.00758245,
         -0.01353818,  0.01117446,  0.00798551,  0.03565422, -0.00963357]),
  7.777754339582471,
  100097),
 (array([ 0.48487146,  0.25293131,  0.08108023,  0.03238331,  0.00445942,
          0.01985384, -0.00107953, -0.00981995,  0.02463316,  0.00512237]),
  7.769465713129398,
  100097),
 (array([ 5.04954022e-01,  2.70277683e-01,  7.26348297e-02,  2.88324158e-02,
          4.04744153e-03,  1.30106856e-04,  1.86574972e-02,  9.73832118e-03,
         -5.98439909e-03,  3.34519841e-02]),
  7.766993079049092,
  100097),
 (array([ 0.38299131,  0.14839383,  0.02583945, -0.00046935,  0.00904011,
          0.00464409,  0.01186521,  0.00702085,  0.01223904, -0.00471124]),
  8.014801680091587,
  100097),
 (array([ 0.52946543,  0.28501237,  0.10739111,  0.01746392,  0.02625854,
          0.04462535,  0.03350995,  0.01149026,  0.00114132, -0.0114903 ]),
  7.7225526474989685,
  100097)]

Giá trị trung bình (mean) của Rosenbrock (d=10, n=128) trong CEM: 7.805467248004218
Độ lệch chuẩn (std) của Rosenbrock (d=10, n=128) trong CEM: 0.09182982431321365