random_seed = 21521749

[(array([ 0.63417417,  0.39574804,  0.17510228,  0.03691331,  0.00594681,
          0.00321754, -0.05117707,  0.02396317, -0.0147217 ,  0.02833259]),
  7.631287249296378,
  100001),
 (array([ 0.53887925,  0.31329629,  0.12074634,  0.06385643,  0.00496644,
          0.01614359, -0.01222652,  0.0008882 , -0.0318322 , -0.0041857 ]),
  7.871285721297454,
  100001),
 (array([ 0.63240849,  0.36853369,  0.15419075,  0.05228986,  0.04156305,
         -0.01398406,  0.02120402,  0.04907285,  0.03171083,  0.03974371]),
  7.799722397645425,
  100001),
 (array([ 0.65203147,  0.40173795,  0.13994853, -0.01225658,  0.0409152 ,
          0.05621259,  0.04303239,  0.05670184,  0.00081479, -0.00080795]),
  7.984168837571078,
  100001),
 (array([ 0.62950852,  0.36831714,  0.1922377 ,  0.07370301,  0.00689024,
         -0.01693328,  0.00876143, -0.04379365,  0.00796576, -0.00429672]),
  7.89102239026653,
  100001),
 (array([ 0.53254648,  0.26793534,  0.09839057, -0.00867231, -0.0428867 ,
          0.0110944 ,  0.02297663, -0.01494944,  0.02414704,  0.00283573]),
  8.043348610660752,
  100001),
 (array([ 0.6574009 ,  0.40969015,  0.14459491,  0.01573593,  0.02293171,
          0.03622587, -0.02004256,  0.05719007, -0.03307636, -0.02023694]),
  7.878390637369838,
  100001),
 (array([ 0.72349185,  0.60481993,  0.40692159,  0.15312029, -0.01683863,
          0.01397793,  0.02053635,  0.07999388, -0.07646678,  0.02414044]),
  8.694875613355508,
  100001),
 (array([ 0.89475703,  0.8220889 ,  0.60627472,  0.33501024,  0.05230888,
          0.05988467,  0.05497319,  0.12753324, -0.00795966, -0.07258525]),
  8.814675490175667,
  100001),
 (array([ 0.66070237,  0.43344039,  0.18334631,  0.00340053,  0.03917775,
         -0.0092587 , -0.02572514, -0.01496572,  0.02047429, -0.01065852]),
  7.4834339763590005,
  100001)]

Giá trị trung bình (mean) của Rosenbrock (d=10, n=16) trong CEM: 8.009221092399763
Độ lệch chuẩn (std) của Rosenbrock (d=10, n=16) trong CEM: 0.4042227979703556