random_seed = 21521749

[(array([ 0.56937626,  0.331414  ,  0.09316891,  0.02102031,  0.02473551,
          0.0237761 , -0.02703481,  0.0185624 ,  0.01885725, -0.00928173]),
  7.6104357500037345,
  100033),
 (array([ 0.42247612,  0.21334535,  0.05889916,  0.02740888, -0.00357719,
          0.01289785,  0.02227216,  0.02046692,  0.0011037 ,  0.00108286]),
  7.9828606279427365,
  100033),
 (array([ 0.54162591,  0.27982764,  0.08094334, -0.01345461,  0.00356229,
          0.00826418,  0.00417347, -0.01026487, -0.00421137,  0.01701259]),
  7.707671622807914,
  100033),
 (array([ 0.44742492,  0.2060071 ,  0.05797386, -0.00632432,  0.00284062,
         -0.00613535,  0.02170211,  0.00798141,  0.01276225,  0.00709451]),
  7.873270040249803,
  100033),
 (array([ 0.5123553 ,  0.26243195,  0.0912103 ,  0.01556129,  0.03553477,
          0.03919423,  0.00191882,  0.02332507, -0.00173165, -0.01413836]),
  7.7821970395043465,
  100033),
 (array([ 0.59526441,  0.33968135,  0.12174789,  0.02185617,  0.04147565,
          0.01826179, -0.00114832,  0.01367114, -0.00618642,  0.00648344]),
  7.4511083509211025,
  100033),
 (array([ 0.57799297,  0.33306479,  0.13236611,  0.02667939,  0.00464198,
          0.03857996, -0.0055108 , -0.00200311, -0.00671757,  0.00929508]),
  7.4896806028492895,
  100033),
 (array([ 0.50402987,  0.28793013,  0.10619333,  0.02814045,  0.02628124,
         -0.0240127 , -0.0049827 ,  0.02862128,  0.00923675,  0.00424905]),
  7.845512768503194,
  100033),
 (array([0.50258323, 0.27735269, 0.06229449, 0.00763658, 0.00937824,
         0.03430086, 0.03282354, 0.00986247, 0.02716352, 0.00271775]),
  7.80123277058557,
  100033),
 (array([ 0.65752876,  0.43967714,  0.2086994 ,  0.0199289 ,  0.06060453,
          0.029374  ,  0.01259651,  0.0045677 ,  0.03637771, -0.01449699]),
  7.423275180285605,
  100033)]

Giá trị trung bình (mean) của Rosenbrock (d=10, n=64) trong CEM: 7.696724475365329
Độ lệch chuẩn (std) của Rosenbrock (d=10, n=64) trong CEM: 0.1841038512177554