random_seed = 21521749

[(array([ 0.59557262,  0.36370698,  0.13800745,  0.04465861, -0.02603587,
         -0.00589409, -0.02902033, -0.00795329,  0.00514553, -0.02825618]),
  7.687895287358893,
  100001),
 (array([ 0.61762031,  0.35082915,  0.11702212, -0.00458366,  0.02260027,
          0.03893799,  0.00147513, -0.02212027, -0.00190037,  0.00786582]),
  7.666224514149272,
  100001),
 (array([ 0.60029065,  0.34695929,  0.13018227,  0.02082439,  0.00394418,
          0.0089395 ,  0.02402604, -0.02586788,  0.01015624, -0.00330694]),
  7.4363201428369,
  100001),
 (array([ 0.54135108,  0.31072724,  0.11033808, -0.00143142,  0.03769018,
          0.05230243, -0.01383414,  0.0072582 ,  0.03197013,  0.00567481]),
  7.86061921932605,
  100001),
 (array([ 0.64000488,  0.37656371,  0.15347975,  0.07382346,  0.01991511,
         -0.03341288, -0.01993296, -0.00069184, -0.00408697, -0.00439948]),
  7.729798683747521,
  100001),
 (array([0.77902873, 0.58811279, 0.41344948, 0.14994155, 0.08261371,
         0.00513262, 0.04258739, 0.0082855 , 0.04644648, 0.01229184]),
  7.2343833907954656,
  100001),
 (array([ 0.58056165,  0.38613216,  0.15708932,  0.02492215,  0.02289816,
          0.06076276,  0.02158518, -0.01154955,  0.04729924, -0.00814866]),
  7.87857409774459,
  100001),
 (array([ 0.56455819,  0.3230127 ,  0.08100583,  0.0395215 , -0.01492482,
          0.02904535, -0.01630633, -0.00859162,  0.0443096 , -0.00383315]),
  7.862755500556169,
  100001),
 (array([ 0.64206622,  0.43562924,  0.23539731,  0.0765778 ,  0.0224561 ,
         -0.02545706,  0.00639853,  0.0421837 ,  0.0696833 ,  0.00347585]),
  7.705998339404934,
  100001),
 (array([ 0.55793725,  0.33875269,  0.10946683,  0.01855544, -0.00896306,
          0.01962844,  0.01826646,  0.04080279,  0.00797964, -0.03016382]),
  7.65654413092461,
  100001)]

Giá trị trung bình (mean) của Rosenbrock (d=10, n=32) trong CEM: 7.67191133068444
Độ lệch chuẩn (std) của Rosenbrock (d=10, n=32) trong CEM: 0.19149736736137155