random_seed = 21521749

[(array([-1.83375399e-05, -3.56556701e-05,  2.45264236e-05, -1.22644144e-05,
          3.25218262e-05, -4.46286439e-05, -2.53687532e-05, -5.00783958e-05,
          1.56515681e-05, -1.25988671e-05]),
  8.964060932309683e-09,
  40032),
 (array([-1.19406232e-05,  1.72928295e-05, -5.45262018e-06, -1.76975845e-06,
         -2.54859039e-05,  5.74683376e-05,  9.97167070e-06,  2.16126092e-05,
          1.27480036e-05, -5.65658791e-05]),
  8.355374039786098e-09,
  40608),
 (array([ 7.64859552e-05, -1.15274119e-05,  1.10948860e-05,  1.03545065e-05,
         -7.43738711e-06, -4.20331753e-05, -4.84065650e-06, -7.17979278e-07,
          1.35484943e-06, -3.65680332e-05]),
  9.398401533264317e-09,
  40672),
 (array([ 3.55000775e-06, -2.12525301e-05, -3.39694346e-05, -1.49447249e-05,
         -8.99161074e-06, -5.56042902e-05, -3.05654625e-05, -6.12416107e-05,
          4.00826232e-06,  2.54509207e-06]),
  9.721552067753938e-09,
  40384),
 (array([-1.57034509e-05, -1.59293284e-05,  1.01999876e-05,  3.43752454e-05,
         -2.73344045e-06,  4.37456881e-05, -2.65712909e-05,  4.74559682e-05,
         -7.83267531e-07,  1.85173575e-05]),
  7.008804492908153e-09,
  41632),
 (array([ 2.10398810e-05, -5.79413574e-05,  3.50958679e-05,  1.98580583e-05,
          7.05689627e-06,  2.28440506e-05, -5.25625575e-05, -5.41769669e-06,
          1.33036341e-05,  1.09268216e-05]),
  9.086146342938889e-09,
  40064),
 (array([ 1.43571009e-05,  2.43043818e-05,  6.61054662e-05, -2.55598921e-05,
          1.63969109e-05, -2.09930783e-05, -1.93240952e-05, -2.14138319e-05,
         -3.85675874e-05,  3.25976227e-05]),
  9.911674736898234e-09,
  39456),
 (array([-6.44820325e-05,  1.14077932e-05, -2.09169174e-05,  5.15508239e-05,
          2.14886811e-05, -4.25758689e-06,  3.66872668e-06,  4.00302894e-05,
          9.39951968e-06, -9.50144982e-06]),
  9.657477743953513e-09,
  41504),
 (array([ 1.34156772e-05, -1.43590711e-05, -3.46927319e-05,  1.82868525e-05,
         -7.53890607e-05,  8.85170649e-06, -1.50246490e-05, -1.76157659e-05,
          6.47220301e-05, -3.46375899e-05]),
  8.044062993728443e-09,
  40608),
 (array([-2.07428814e-05,  3.98815752e-06, -3.06545679e-05,  2.13989469e-05,
          9.74794614e-06,  2.26127835e-05,  3.66695783e-05, -2.55839716e-05,
          2.21588609e-05,  7.07156684e-05]),
  9.941068874357904e-09,
  41152)]

Giá trị trung bình (mean) của Sphere (d=10, n=32) trong DE: 9.008862375789916e-09
Độ lệch chuẩn (std) của Sphere (d=10, n=32) trong DE: 9.016953328098641e-10