random_seed = 21521749

[(array([-2.09708061e-05,  3.47076816e-05, -1.61584582e-05, -5.73911416e-05,
         -2.06587164e-05,  2.64736912e-05,  1.21118918e-05,  1.39529051e-05,
          6.23926848e-05, -1.43503245e-05]),
  9.82817195150828e-09,
  78080),
 (array([ 8.98564198e-06, -5.45315768e-05,  2.31333100e-05,  1.99726115e-05,
         -2.12652527e-05,  8.14795425e-06,  4.38347598e-05, -1.15635737e-05,
          3.47933456e-05,  6.57433076e-06]),
  7.81609113538508e-09,
  79680),
 (array([-9.72305690e-06, -3.12832981e-06,  1.69501620e-06, -2.46166556e-05,
         -7.43141441e-05, -1.38558427e-05, -7.11502678e-06, -9.84128021e-06,
          3.42366348e-05, -2.68594666e-05]),
  8.46880600065044e-09,
  76480),
 (array([-4.07866237e-05,  3.11050734e-05, -2.21814851e-05,  6.94967584e-05,
          1.56695126e-05, -2.72974133e-05,  2.56896930e-05,  1.17780032e-05,
          3.16078709e-05, -6.48858851e-06]),
  9.623351984126466e-09,
  76928),
 (array([ 1.06502764e-05,  4.82995021e-05, -5.40308492e-05, -2.16998247e-05,
          3.50702243e-05,  3.11438562e-06,  1.65688423e-05,  1.63482430e-05,
          1.80370796e-05,  1.38624831e-05]),
  8.135401628834701e-09,
  78656),
 (array([-2.55632119e-05,  2.54252871e-05, -6.35542396e-06, -7.37947646e-05,
          2.67538975e-05, -5.45731294e-07,  4.18840598e-05, -2.09568569e-05,
          3.95409618e-06, -1.55761181e-05]),
  9.953765226728587e-09,
  77888),
 (array([ 1.38739330e-06,  4.08226343e-05, -6.74362784e-06,  4.63202672e-05,
          2.26345387e-05,  2.21584504e-05,  2.76747765e-05,  1.16840728e-05,
          6.46544958e-06, -5.80151316e-05]),
  9.17274360052125e-09,
  76352),
 (array([-4.40604986e-05,  5.14528643e-06, -2.49184473e-06,  2.95289393e-05,
         -2.94012500e-05,  2.33446077e-05,  1.78008864e-05,  2.97084286e-06,
         -1.57293769e-05,  1.81593455e-05]),
  5.158245862205329e-09,
  77440),
 (array([-1.77965951e-05,  1.42939913e-05, -9.54525928e-06, -1.95337530e-05,
          6.66731066e-05,  2.61672198e-05,  2.33120365e-06,  2.97994588e-05,
         -3.71632486e-05,  4.85793409e-05]),
  3.0048372856086684e-09,
  76096),
 (array([ 9.96496928e-06,  1.99388076e-06,  3.10125252e-05,  9.17465484e-06,
         -1.95799016e-05, -1.27154810e-05,  2.10870758e-05,  5.76493313e-05,
         -5.44026994e-05, -5.90021408e-06]),
  8.456859588706363e-09,
  79616)]

Giá trị trung bình (mean) của Sphere (d=10, n=64) trong DE: 7.961827426427516e-09
Độ lệch chuẩn (std) của Sphere (d=10, n=64) trong DE: 2.1133696305470835e-09