random_seed = 21521749

[(array([-5.02872780e-03, -5.70164264e-03, -1.48713809e-03, -6.42610697e-04,
          4.56925559e-03, -2.82058612e-03,  2.25689794e-03, -4.78591216e-04,
         -8.06489213e-05, -6.75629201e-03]),
  0.000140231786801281,
  100096),
 (array([-0.00773578,  0.0003631 ,  0.00301267,  0.00042383, -0.0050619 ,
         -0.0004695 , -0.00147414,  0.0081599 ,  0.0023132 ,  0.00314789]),
  0.00017909036831871846,
  100096),
 (array([ 0.00731657, -0.00047131,  0.00491613,  0.00209028,  0.0012962 ,
         -0.00059709, -0.00196655, -0.00520175,  0.00439284,  0.0023612 ]),
  0.00014012639801843572,
  100096),
 (array([ 0.00298331,  0.00172388,  0.00541877,  0.00650467, -0.0015947 ,
         -0.00317538,  0.00065944,  0.00063308, -0.00299585,  0.00771166]),
  0.00016545212124967308,
  100096),
 (array([-2.68650135e-03,  1.96158584e-03,  2.83315660e-03, -2.35006606e-03,
          2.22918980e-03, -4.79336924e-03, -2.91281432e-03,  3.75508560e-03,
         -1.94404368e-05, -7.21492836e-03]),
  0.00012720109541009987,
  100096),
 (array([-0.00175766,  0.00518011, -0.00325178,  0.0046587 , -0.00359027,
         -0.00149048, -0.00328923, -0.00575737,  0.00318515, -0.00151646]),
  0.00013372318582155802,
  100096),
 (array([-0.00970983,  0.00090713,  0.00177257,  0.00013233,  0.00448735,
         -0.00141771,  0.00327215,  0.00078984,  0.00782345,  0.00101993]),
  0.0001255480522700734,
  100096),
 (array([-0.0004486 , -0.00042884,  0.00397705,  0.00752309,  0.0029806 ,
         -0.0022459 ,  0.00420834, -0.00067183,  0.00550612,  0.00269628]),
  0.00014247566878071473,
  100096),
 (array([ 9.93970541e-04, -4.35958008e-03,  4.33783080e-04,  5.95881942e-03,
         -8.77374788e-05,  4.79049587e-03,  2.53079478e-03, -4.53656396e-03,
          3.05113966e-03,  1.68853364e-04]),
  0.0001149694605025305,
  100096),
 (array([-0.0037615 , -0.00240324,  0.00096166, -0.00486374,  0.0094039 ,
          0.0012016 , -0.00271542,  0.00475535, -0.00053293, -0.0040897 ]),
  9.658017347462552e-05,
  100096)]

Giá trị trung bình (mean) của Sphere (d=10, n=128) trong DE: 0.00013653983106477104
Độ lệch chuẩn (std) của Sphere (d=10, n=128) trong DE: 2.2329838130713333e-05