random_seed = 21521749

[(array([ 0.0213246 , -0.06462474,  0.28523303, -0.08770769, -0.11228032,
          0.58413964,  0.16215673, -0.17361824, -0.33517585, -0.3136338 ]),
  0.714654717139559,
  100096),
 (array([ 0.35870291, -0.37655432, -0.00469954,  0.10939882, -0.05754542,
          0.04806364, -0.21096318, -0.15848695, -0.17157981,  0.23090225]),
  0.44045176272482484,
  100096),
 (array([-0.03593477, -0.02781918, -0.08591432, -0.50211002,  0.01785829,
          0.62618591, -0.07806986, -0.16956702,  0.114506  ,  0.04287853]),
  0.7037867395636779,
  100096),
 (array([-0.19913271, -0.35676665,  0.03346442,  0.22673678, -0.12845479,
         -0.15394704,  0.06517665, -0.22047588,  0.10070856, -0.12527585]),
  0.3383599014014,
  100096),
 (array([-0.08974948, -0.36670226,  0.09053459,  0.21767986, -0.02634138,
          0.10022594, -0.16099766,  0.06312959, -0.09319585,  0.33797648]),
  0.36166481893254676,
  100096),
 (array([-0.46982993,  0.05673954, -0.18515705,  0.10087368, -0.11493447,
          0.17367138,  0.11293541, -0.28856404, -0.16573375,  0.35972584]),
  0.5646838168225592,
  100096),
 (array([-0.21363358,  0.32520698,  0.06987795,  0.16540843, -0.42869137,
         -0.03702692, -0.3343905 , -0.60274172,  0.18189819, -0.17376394]),
  0.9071844864927902,
  100096),
 (array([ 0.02686946, -0.12997218, -0.17239849,  0.08051656,  0.7354141 ,
          0.2804617 ,  0.13968355,  0.19580921, -0.10668594, -0.33131869]),
  0.8523182564690782,
  100096),
 (array([-0.28380587, -0.15368416,  0.04216339,  0.17188393,  0.4975419 ,
         -0.37028825,  0.00768215, -0.35823235, -0.48979218, -0.2687177 ]),
  0.9606427692179044,
  100096),
 (array([ 0.18980674,  0.58355244,  0.12902497, -0.35326617,  0.09147878,
          0.0073379 ,  0.23699042,  0.03726932,  0.02179742, -0.16790333]),
  0.6126468115546948,
  100096)]

Giá trị trung bình (mean) của Sphere (d=10, n=256) trong DE: 0.6456394080319035
Độ lệch chuẩn (std) của Sphere (d=10, n=256) trong DE: 0.21054687565448638