random_seed = 21521749

[(array([-6.08722565e-05,  3.50136346e-05, -3.64739468e-06,  1.17319807e-05,
         -3.04262822e-05, -5.10644037e-06, -5.79336949e-05,  1.69943343e-05,
         -6.11053329e-05, -7.89672744e-06]),
  7.080228872350014e-09,
  22576),
 (array([-1.58846494e-05,  8.17462404e-06, -2.38629651e-05,  2.09477187e-05,
         -7.05381497e-05, -2.17586014e-05, -8.60705437e-06,  3.12276957e-05,
         -2.61701170e-05,  2.51837482e-06]),
  8.516929487611933e-09,
  22160),
 (array([ 3.75162714e-05, -7.20431687e-06, -3.57341866e-05, -2.71570590e-05,
          5.33094897e-05,  2.99582705e-05,  5.20793257e-06, -1.29928301e-05,
          1.60338233e-05,  1.69976178e-05]),
  7.955149101488824e-09,
  24112),
 (array([ 2.86131182e-05, -1.48449565e-05, -4.42685096e-05,  7.56493214e-05,
          2.18984797e-06,  2.42307790e-05, -3.99219003e-05,  2.92002004e-05,
         -4.16501063e-05, -9.99155917e-06]),
  7.116312096340677e-09,
  24384),
 (array([-5.03878202e-05, -2.32561654e-05,  4.08425837e-06,  1.15675143e-05,
         -4.17573847e-05, -4.35634129e-05,  2.26259918e-05,  9.30257449e-06,
         -2.35906145e-05, -2.13210001e-05]),
  8.481295861626562e-09,
  23904),
 (array([ 2.62241521e-05, -1.03227817e-05,  5.38604243e-05, -2.19898673e-05,
          1.55067572e-05,  7.97461945e-06, -2.76991941e-05, -1.86277654e-05,
          1.24462668e-05,  4.46090727e-05]),
  7.741937543877459e-09,
  22752),
 (array([-3.26547495e-05,  1.10913620e-05,  1.27158528e-05,  9.33562433e-06,
          2.01060397e-06,  2.84918154e-05,  1.86468776e-05, -5.88631326e-05,
         -1.05397117e-05, -3.54222163e-05]),
  7.432417189024811e-09,
  22432),
 (array([-6.22798243e-06,  1.66917485e-05, -2.85739944e-05,  5.93259326e-06,
         -9.06834553e-06, -1.27685405e-05, -5.35679767e-05,  4.42121517e-06,
          2.33617084e-05, -1.33943925e-05]),
  5.028596016793975e-09,
  25296),
 (array([-1.47307656e-05,  2.57786205e-05,  1.93980026e-06,  7.95784752e-05,
          2.23871870e-05, -1.99297775e-06, -6.16628900e-06, -5.00092940e-05,
         -2.35004485e-05,  3.99296495e-05]),
  8.166412498838254e-09,
  23888),
 (array([ 7.31784101e-06, -1.94012070e-06,  1.24470821e-05,  3.33359328e-06,
          2.89631509e-05, -3.22429101e-05,  4.35741860e-05, -3.29342500e-05,
          5.66031899e-07,  6.01223877e-05]),
  8.700223334607985e-09,
  24272)]

Giá trị trung bình (mean) của Sphere (d=10, n=16) trong DE: 7.62195020025605e-09
Độ lệch chuẩn (std) của Sphere (d=10, n=16) trong DE: 1.0214956720531427e-09