random_seed = 21521749

[(array([-8.47169797e-06, -8.04502995e-05, -6.38393284e-06, -1.71079680e-05,
          3.85704637e-05,  1.37091883e-06,  3.08412148e-06, -8.83716376e-06,
         -3.57305938e-06,  3.01800895e-05]),
  9.378229431043013e-09,
  1521),
 (array([-6.23310695e-06, -3.76935669e-05, -9.64889194e-07, -5.62509390e-05,
         -4.88777136e-05,  1.06981980e-05, -9.75869890e-06, -2.79391290e-06,
         -4.31163080e-05,  2.55450802e-05]),
  9.742843375031237e-09,
  2225),
 (array([-3.91134228e-05,  2.12820045e-05, -3.89975357e-05, -8.58456057e-06,
         -4.16991928e-05,  4.78829267e-05, -3.89793192e-05, -1.19672844e-05,
         -7.37808540e-06, -5.19088936e-06]),
  9.352868073576995e-09,
  1345),
 (array([ 1.99649555e-05,  7.09623431e-06,  2.28819459e-05,  1.10699124e-06,
          6.42721934e-06,  2.15210925e-05,  1.74103704e-05,  6.04652782e-05,
          4.63738082e-05, -4.79088629e-05]),
  9.883191534904054e-09,
  1441),
 (array([-1.95002384e-05,  6.45997047e-06,  1.07161505e-05, -1.46149313e-05,
          9.96921058e-06,  6.53670630e-06, -4.79557282e-05, -5.12785182e-05,
          1.22326478e-05, -2.87441568e-05]),
  6.797638817706045e-09,
  1633),
 (array([-9.47312808e-06,  3.13299575e-05, -5.51965594e-05, -8.20881776e-06,
         -2.60272195e-05,  1.04255314e-05,  2.90156539e-05, -2.97504424e-05,
          2.73242866e-05,  2.13688955e-05]),
  7.90170243442181e-09,
  1473),
 (array([ 2.45381513e-05,  1.14501994e-05,  3.85872052e-05,  2.62345749e-05,
         -9.39361729e-06,  3.08477506e-07, -6.31644304e-05,  2.44731535e-05,
          3.74919386e-05, -2.34495203e-05]),
  9.542994440882101e-09,
  2049),
 (array([-1.43691346e-05,  6.36572013e-06, -4.56332169e-05, -9.30642853e-07,
         -8.23431089e-06,  3.65129485e-05,  3.47108896e-05, -2.47733749e-05,
         -6.41299914e-05, -1.69226124e-05]),
  9.948846859626017e-09,
  1393),
 (array([ 1.51067810e-05, -1.65959027e-05,  1.83726137e-05,  2.26905260e-05,
          2.92521702e-05, -3.52044863e-05,  2.51434940e-05,  4.99191965e-05,
         -4.38707842e-05,  3.43740724e-06]),
  8.511679988147083e-09,
  1489),
 (array([ 4.30212448e-06,  4.75781894e-05,  1.95003722e-05, -8.64106058e-06,
          1.01912960e-05, -6.92164605e-05, -2.52953637e-05,  1.34312719e-06,
         -2.62902574e-05,  2.12794239e-05]),
  9.41755668323466e-09,
  1841)]

Giá trị trung bình (mean) của Sphere (d=10, n=16) trong CEM: 9.0477551638573e-09
Độ lệch chuẩn (std) của Sphere (d=10, n=16) trong CEM: 9.613130111275851e-10