random_seed = 21521749

[(array([ 1.10909649e-06, -3.06391522e-06,  4.73075007e-06,  2.03031028e-05,
          3.92040042e-05, -2.47398544e-05,  9.83481560e-06, -1.76501810e-05,
         -6.81109873e-05,  1.96213480e-05]),
  8.026584371233508e-09,
  3457),
 (array([-9.65625039e-06, -7.35941157e-06, -2.70939070e-05, -1.46828739e-06,
          1.69133368e-05,  3.00007267e-05, -3.76866229e-05, -7.28248118e-06,
          2.87839357e-06,  3.51308267e-05]),
  4.785520556581016e-09,
  4225),
 (array([-2.16052310e-06,  2.71254647e-05, -3.51588555e-05,  2.61638338e-06,
         -2.36478789e-05, -1.37705570e-05, -6.93512122e-05, -1.50928802e-05,
         -1.12533717e-05, -3.84118097e-05]),
  9.37179085012148e-09,
  3457),
 (array([-1.15170454e-05, -1.77053722e-06,  1.87478056e-05, -2.28627859e-05,
         -1.52320946e-05,  1.02434113e-05, -4.51786301e-05,  3.85370217e-05,
         -4.07376151e-05, -2.34748071e-05]),
  7.083739022535793e-09,
  3649),
 (array([ 6.15101431e-06,  5.16514803e-06,  1.66594873e-05,  3.05540082e-05,
         -1.78438560e-05,  1.36010735e-06, -4.42333248e-05,  8.36204009e-06,
         -2.02685725e-05,  2.18519095e-05]),
  4.510684472950696e-09,
  5313),
 (array([-3.13841518e-05, -1.71900717e-05, -2.34970290e-05, -1.14567246e-05,
          1.73214812e-05, -1.29047938e-05,  3.18757051e-05,  1.99104268e-05,
          2.81755612e-05, -5.07333533e-05]),
  7.210618937792658e-09,
  7041),
 (array([-1.84052773e-06,  2.96856649e-05, -3.36088193e-05, -3.33243242e-06,
         -4.79336606e-05,  6.91713549e-06,  2.98013930e-05,  5.17232807e-05,
         -3.37939534e-05, -1.82308626e-05]),
  9.408583095094959e-09,
  4161),
 (array([-3.22581816e-05,  1.71968316e-05,  1.21440156e-05, -1.77649354e-05,
         -3.59512980e-05,  1.40461495e-06, -4.13149337e-05,  1.64126569e-05,
         -5.82275871e-06, -4.42345185e-05]),
  7.060756306216693e-09,
  3521),
 (array([-7.46923901e-06, -1.10854451e-05,  2.52041422e-05, -1.30026607e-05,
         -1.32227401e-05,  1.78875979e-05,  6.22535435e-05, -2.99553662e-06,
          4.91259611e-05, -3.80803086e-05]),
  9.22574848333521e-09,
  10049),
 (array([ 1.66809478e-05,  8.53509519e-06, -3.06945087e-05,  1.41313886e-05,
          5.97346567e-05,  4.03371524e-05,  1.74147198e-05,  3.57611846e-05,
          1.97324703e-05,  7.83827032e-06]),
  8.721209597328278e-09,
  4609)]

Giá trị trung bình (mean) của Sphere (d=10, n=64) trong CEM: 7.540523569319029e-09
Độ lệch chuẩn (std) của Sphere (d=10, n=64) trong CEM: 1.6920719908207058e-09