random_seed = 21521749

[(array([-3.38696612e-05, -1.57928699e-05, -2.25672983e-05, -1.78870447e-05,
          1.91946137e-05, -2.45145677e-05,  7.25910680e-05,  1.11510946e-05,
          6.23676529e-06,  2.02367071e-05]),
  9.037426860398158e-09,
  2305),
 (array([-2.30675154e-05, -2.58761605e-05, -4.40517149e-05,  3.21214612e-05,
         -4.53779871e-06,  5.01809363e-05, -2.67975461e-05, -2.69109504e-05,
          1.97200509e-05, -6.70925013e-07]),
  8.544384071448571e-09,
  2177),
 (array([ 1.78493884e-05,  1.59909467e-05,  3.94396463e-06, -1.64581727e-05,
          1.06245249e-05, -5.88089203e-05, -5.94037288e-06, -9.30155493e-07,
         -1.04177597e-06, -6.92557908e-06]),
  4.517309143094252e-09,
  2497),
 (array([-1.52079048e-05,  2.43140523e-05, -6.73872569e-06,  2.61949819e-05,
          1.16962813e-06,  2.19613375e-06, -3.43893137e-05, -9.92998718e-07,
          2.71792358e-05, -5.94863857e-05]),
  7.021183921014141e-09,
  2785),
 (array([-6.33612129e-05,  1.10266956e-05,  1.71595888e-05,  3.51616720e-05,
         -1.86687015e-05, -1.80643286e-07, -2.97542967e-06,  4.24774128e-05,
         -1.59256074e-05, -5.02146384e-06]),
  8.1076028723453e-09,
  3425),
 (array([ 3.18568038e-05, -2.39901602e-05, -2.73047226e-06, -3.32747862e-05,
         -3.85098738e-05,  6.89017957e-05, -2.18123154e-05, -9.58094721e-06,
          1.96677191e-05, -3.72568977e-06]),
  9.903790033960967e-09,
  2273),
 (array([ 3.93862626e-05, -1.30907156e-06, -3.74526243e-05, -1.25998406e-05,
          2.40238307e-05,  5.09334767e-05,  1.36703853e-05, -4.47945429e-05,
         -5.87747160e-06, -7.70920250e-06]),
  8.57321687485075e-09,
  2817),
 (array([-1.58513348e-05, -2.26022415e-05,  2.49739949e-05,  2.66456843e-05,
         -5.42948998e-05, -7.27622729e-06, -3.02003455e-05, -2.78630470e-05,
          1.88219758e-05,  3.16332322e-05]),
  8.140037088467488e-09,
  3073),
 (array([ 3.53503306e-06,  4.98833595e-05,  8.86386879e-06,  5.85174210e-05,
         -4.27249041e-06,  2.72905217e-05,  9.82831311e-06, -3.86103853e-05,
         -1.83037545e-05, -1.46543361e-05]),
  8.903864088875362e-09,
  2113),
 (array([ 5.07342282e-06,  1.37364693e-05,  1.86737235e-05, -7.39407109e-06,
         -2.16534255e-05,  2.26520367e-05, -2.49220688e-05, -5.80277382e-05,
          4.17558470e-06,  4.16262154e-05]),
  7.338301276118903e-09,
  2753)]

Giá trị trung bình (mean) của Sphere (d=10, n=32) trong CEM: 8.00871162305739e-09
Độ lệch chuẩn (std) của Sphere (d=10, n=32) trong CEM: 1.4034979316360332e-09