random_seed = 21521749

[(array([-2.37839113e-06,  4.64152021e-05,  3.51519904e-05,  1.86429369e-05,
          2.03654733e-05, -2.65015076e-05, -2.14425738e-06, -1.53374489e-05,
          3.97959146e-06, -2.13310558e-05]),
  5.571017929330435e-09,
  10497),
 (array([ 2.62355528e-05, -1.16570071e-05,  1.50554920e-05, -2.66841353e-05,
          1.96135867e-05,  2.38293688e-05,  2.65120590e-06,  7.16061540e-05,
          1.17925578e-05,  2.38246662e-05]),
  8.55658188537854e-09,
  6657),
 (array([ 8.36984345e-06, -1.21342489e-05,  2.44876151e-05,  1.24298473e-05,
         -3.03046705e-05,  4.25574082e-05, -1.78444634e-05,  3.15181752e-06,
          4.64163090e-05,  2.30001793e-05]),
  6.712785539193116e-09,
  6785),
 (array([ 4.76569760e-05,  1.64892917e-05,  7.60376766e-06, -8.07743145e-06,
         -1.75293991e-05,  1.49791539e-05, -2.96087794e-05,  1.58368382e-05,
          3.58454463e-05,  4.50775397e-06]),
  5.6305022914476815e-09,
  7297),
 (array([ 2.78616193e-05, -2.46418172e-06,  3.64973263e-05, -6.23867449e-06,
          1.69090007e-05, -2.28402109e-05,  1.94842090e-05, -1.53147899e-05,
          1.52993780e-05,  1.48286381e-05]),
  4.0290441052388856e-09,
  6401),
 (array([ 1.28833667e-05, -2.24885276e-05,  2.81813847e-05,  1.48227990e-05,
         -1.40167932e-05,  1.71667242e-05,  1.31521239e-05,  8.59910882e-07,
          7.70347703e-05, -5.82462507e-07]),
  8.2852006537503e-09,
  6529),
 (array([ 7.94507741e-06, -3.86993776e-05,  4.23781551e-06, -2.23613376e-05,
          2.53968398e-05, -8.82890531e-06, -3.78193527e-05, -3.16962456e-06,
          2.97065810e-05,  2.90286063e-06]),
  5.132961142544135e-09,
  7169),
 (array([-3.02325718e-06, -1.98863856e-05,  2.58220059e-05,  1.89165285e-05,
         -2.64086383e-05,  1.19951882e-05,  2.79590134e-05, -2.69758075e-05,
          2.34687957e-05, -3.16641372e-05]),
  5.333322749128925e-09,
  7297),
 (array([-1.05125658e-05,  1.71335180e-05, -7.40393691e-06, -2.80276599e-05,
          3.77002665e-05,  2.56789352e-05, -4.34567977e-05,  1.00932567e-05,
         -5.18651420e-05, -2.68016814e-06]),
  8.012700651698308e-09,
  8577),
 (array([ 8.87618250e-06, -1.74541550e-05,  5.07297790e-06, -6.16425381e-06,
          2.81584413e-05,  9.09847812e-06, -1.83684182e-05, -1.07386486e-06,
          1.38015066e-05, -4.89803979e-05]),
  4.250960329553014e-09,
  7041)]

Giá trị trung bình (mean) của Sphere (d=10, n=128) trong CEM: 6.151507727726334e-09
Độ lệch chuẩn (std) của Sphere (d=10, n=128) trong CEM: 1.5667900371717891e-09