random_seed = 21521749

[(array([-1.56403694e-05,  1.43792696e-05,  2.70949380e-05,  2.23025128e-05,
          2.91993481e-05, -1.17850686e-05, -1.24409606e-05, -3.34965845e-05,
         -4.77934193e-05,  1.11528249e-05]),
  6.359807167265805e-09,
  12801),
 (array([ 2.98478755e-05,  2.12633440e-05,  1.09968262e-06,  5.58326143e-06,
          8.71362064e-06,  3.23069547e-05,  4.44813241e-05,  3.64555443e-05,
          4.46898566e-05, -3.42644961e-05]),
  8.973907969888047e-09,
  13057),
 (array([-1.18453666e-05,  3.01290955e-06,  4.24193175e-06,  1.40046379e-05,
          2.07792362e-05,  3.86887660e-05,  3.68464364e-06,  1.07330253e-05,
          1.81608908e-05,  1.51871161e-05]),
  2.9813523596661536e-09,
  13313),
 (array([ 3.32715590e-05, -1.67469953e-05,  3.53908798e-05, -2.24266574e-05,
          2.66527740e-05, -8.45243166e-09, -2.57809079e-05, -2.03132041e-05,
          3.17724949e-05, -1.30316742e-05]),
  6.109895688861823e-09,
  12545),
 (array([ 8.26008379e-06, -5.32564491e-06, -5.35517047e-07, -4.37211647e-06,
         -2.67083064e-06,  2.76742294e-05,  4.55782108e-06, -2.97078392e-05,
          1.84064799e-05,  1.83898704e-05]),
  2.469305245789603e-09,
  16129),
 (array([ 1.30678920e-05,  2.09644958e-05, -1.32868997e-06, -4.24860719e-05,
          3.62080570e-05,  5.15627374e-05, -3.12748354e-05, -1.93389986e-05,
          2.30649428e-05,  2.14710258e-07]),
  8.2710007731299e-09,
  13825),
 (array([-1.00894067e-05,  5.69714749e-06,  1.72241130e-05, -7.95302257e-06,
          1.62418030e-06, -2.28720629e-05, -5.06897105e-06,  1.54383862e-05,
          6.23442910e-05, -2.00103900e-05]),
  5.571208033578937e-09,
  14337),
 (array([ 1.93370600e-05, -4.30456519e-05, -1.50219552e-05, -2.88051426e-05,
         -1.34914044e-05,  1.51131476e-05, -2.68637367e-05, -2.64891089e-05,
         -1.55322016e-05,  1.96610312e-05]),
  5.743809320138414e-09,
  13569),
 (array([ 1.60828762e-05, -9.37325614e-06, -1.95073694e-06, -3.80753373e-05,
          1.38837646e-05, -2.34896103e-05, -2.44665166e-05, -1.76275247e-06,
          2.40787353e-05,  3.39436307e-05]),
  4.878247519357856e-09,
  12545),
 (array([ 1.20969668e-05, -3.34877486e-06, -2.05074487e-05,  3.64025893e-05,
          4.18144443e-05,  5.68747277e-05,  3.93107826e-05,  3.91270177e-05,
         -3.75162702e-06, -1.57617847e-06]),
  9.979257443315914e-09,
  13057)]

Giá trị trung bình (mean) của Sphere (d=10, n=256) trong CEM: 6.133779152099246e-09
Độ lệch chuẩn (std) của Sphere (d=10, n=256) trong CEM: 2.2996629413118693e-09