random_seed = 21521749

[(array([-2.94367224e-09,  1.78914903e-10, -1.44265609e-09, -2.99289338e-09,
         -2.84497480e-11,  7.22592056e-10, -4.18582823e-09, -2.40410282e-09,
         -1.04334850e-09,  3.11712023e-09]),
  9.326495575834315e-09,
  47745),
 (array([ 7.68953318e-10, -3.12200519e-09, -5.48382414e-10, -1.18668305e-09,
          2.43207165e-09,  1.45640455e-09, -1.03375044e-09, -9.08430824e-10,
         -3.47692699e-09,  3.06718827e-09]),
  8.340145019047895e-09,
  55041),
 (array([ 9.33621401e-10,  2.16654322e-09, -1.34793953e-09,  2.39844621e-09,
          2.98067481e-09, -2.83310120e-11,  8.47224127e-10, -1.99376908e-09,
          1.04418299e-09,  2.64710956e-09]),
  7.463047513311949e-09,
  24577),
 (array([ 2.67899192e-10, -1.48475065e-09,  2.19669412e-10, -3.09750516e-09,
          6.35734500e-10,  2.64779914e-09,  9.03951409e-11, -3.04026714e-09,
         -4.15755855e-09,  1.60553372e-09]),
  8.804402984452508e-09,
  18689),
 (array([-3.99732575e-10,  3.59212779e-09,  1.42014360e-09,  1.63681338e-09,
         -2.46812054e-10,  2.84163617e-09, -9.42330284e-11,  6.35879913e-10,
          8.63828676e-10, -1.33989481e-09]),
  6.794075080307493e-09,
  17153),
 (array([ 2.29359172e-09,  5.56059594e-10, -1.63249147e-09, -3.85134106e-09,
          7.88243562e-11, -3.16724358e-10, -4.61326490e-10, -4.57762511e-09,
          2.46035650e-09, -1.22590966e-11]),
  8.979541110676337e-09,
  13825),
 (array([ 4.00918114e-09, -2.35961787e-09,  1.37352594e-09,  1.10931168e-09,
         -5.97064381e-10,  1.97353739e-09,  1.81744650e-09,  1.10247192e-09,
         -1.74392857e-09, -3.23473074e-09]),
  8.67484972744137e-09,
  15233),
 (array([ 2.69695920e-09, -1.74869474e-09, -1.50220625e-09,  3.16101664e-09,
         -4.41109457e-09, -4.36580977e-10,  6.95956023e-10, -3.10733970e-10,
          7.05863690e-11,  3.76836716e-09]),
  9.551126556317513e-09,
  24833),
 (array([-3.94298277e-11, -5.58845201e-09,  2.70333408e-10, -2.61772833e-09,
         -1.24436758e-09, -5.71139515e-10,  1.52981838e-09, -1.13476748e-09,
         -3.29410666e-09,  2.13081904e-09]),
  9.72025704371049e-09,
  18305),
 (array([-3.44848248e-09, -6.97053309e-10, -1.52017965e-09,  9.19130106e-10,
         -3.07241221e-09,  2.98482455e-09,  1.82035906e-09,  1.71511223e-09,
         -1.76710484e-10, -1.07938179e-09]),
  8.132321926979102e-09,
  12929)]

Giá trị trung bình (mean) của Ackley (d=10, n=128) trong CEM: 8.578626253807897e-09
Độ lệch chuẩn (std) của Ackley (d=10, n=128) trong CEM: 8.783252644474381e-10