random_seed = 21521749

[(array([ 1.78748544e-09,  2.00664277e-09,  4.06531309e-09,  4.98610276e-11,
          1.58044780e-09,  2.30898648e-09, -2.67644834e-09, -1.29486339e-09,
          1.25517960e-09, -8.18180746e-10]),
  8.262219797217085e-09,
  2913),
 (array([ 1.32208010e-09,  5.24134047e-10,  7.54643963e-10,  3.40699459e-10,
         -8.57701302e-10,  2.36673618e-09, -1.06261156e-09, -2.46410084e-09,
         -1.37071940e-09,  1.99714657e-09]),
  5.948266323940743e-09,
  2945),
 (array([-3.42279993e-09,  1.13161333e-09, -1.28002883e-09,  5.58678758e-09,
          5.42768967e-10, -1.60241359e-09, -3.22077545e-09, -1.74274064e-09,
          4.09137260e-10,  1.43377117e-10]),
  9.984596704981641e-09,
  2929),
 (array([ 3.15900962e-09, -2.96784554e-09, -3.08190180e-09,  3.48650555e-09,
          1.66390655e-09,  5.29855535e-10, -2.58624522e-11,  1.68356012e-09,
          4.79745774e-10,  1.84946849e-09]),
  8.942155904634319e-09,
  3249),
 (array([-3.50369502e-09,  6.00908992e-10,  2.39747077e-09, -2.60275144e-09,
         -6.76252270e-10, -2.67449966e-09, -1.90092386e-09,  9.67918297e-10,
         -3.51756786e-09,  2.60451245e-09]),
  9.505918274754777e-09,
  5233),
 (array([-2.22670174e-09,  1.51050540e-09, -5.34701643e-10,  6.91382134e-10,
          7.75106033e-11, -2.87935068e-09,  2.10448374e-09,  1.82287436e-09,
          2.39811480e-09,  4.84935524e-09]),
  9.236391651512577e-09,
  38465),
 (array([ 3.07114012e-09,  4.35798198e-09,  7.08788508e-10,  2.86594622e-10,
          1.79534079e-09, -1.23522044e-09,  3.04275585e-09, -1.11690773e-09,
          2.56482120e-09, -2.39162826e-09]),
  9.513062781962844e-09,
  3793),
 (array([-2.19295074e-09,  4.41506427e-10, -7.90750935e-10,  2.91478277e-09,
          4.11657860e-09,  2.57991846e-09, -3.39441107e-10, -1.74568319e-09,
         -1.59116420e-09, -2.39922643e-09]),
  8.870455037168767e-09,
  4513),
 (array([ 2.12767177e-09, -2.15885161e-10,  2.93252863e-09, -1.76979840e-09,
          7.06221547e-10, -1.67554468e-09,  2.59847768e-09, -5.12755517e-09,
         -1.46140074e-09, -2.20521464e-09]),
  9.76968950183732e-09,
  2977),
 (array([ 2.46984571e-09, -4.10297342e-10, -4.89359777e-09,  3.54941583e-09,
          5.08944856e-10,  2.30532621e-09,  9.94907516e-10,  3.87560404e-10,
         -2.63635288e-09,  1.80967398e-09]),
  9.777771925456591e-09,
  4337)]

Giá trị trung bình (mean) của Ackley (d=10, n=16) trong CEM: 8.981052790346666e-09
Độ lệch chuẩn (std) của Ackley (d=10, n=16) CEM: 1.1232001347506407e-09