random_seed = 21521749

[(array([ 1.93253453e-09,  2.86573743e-09,  2.18834988e-09,  1.84365798e-09,
         -4.69588639e-10,  1.09289915e-09,  2.30421835e-09, -2.79994414e-09,
          2.86213757e-09, -3.41300320e-09]),
  9.341480922131495e-09,
  42497),
 (array([ 1.20286330e-09, -7.15926359e-10,  1.48487539e-09,  1.10061213e-09,
         -1.61296162e-09, -4.42961159e-09,  2.48830807e-09,  1.76350690e-09,
         -1.72384398e-09, -6.12777258e-10]),
  8.024713782361914e-09,
  27649),
 (array([-22.94710957,  22.05041738,  30.4040413 ,   3.02751888,
          24.02007279,  -6.97632466,  19.97017793, -18.14964436,
          19.87761735,  28.82616159]),
  20.462683691490952,
  100097),
 (array([-1.30323073e-09, -1.59282578e-10, -1.44357918e-09, -2.25507041e-09,
          5.50496927e-10,  1.12147625e-09, -2.92370674e-10,  1.21410629e-10,
         -3.23290674e-09,  2.57829801e-09]),
  6.6517142904842785e-09,
  30977),
 (array([ 2.82839324e-09,  9.47115788e-10,  2.35424428e-10,  9.97958289e-10,
          4.28316795e-09, -1.55342734e-10,  6.90492113e-10,  1.50884605e-09,
         -2.26762983e-09, -1.17424334e-10]),
  7.613373487203035e-09,
  33537),
 (array([ 3.05261233e-09,  3.01812987e-09,  1.66521440e-11,  1.92194642e-09,
         -2.94116445e-09,  3.03700177e-10,  1.11673061e-09,  1.36787610e-09,
          2.32479316e-09, -1.21556650e-10]),
  7.939974455695165e-09,
  25857),
 (array([-5.21885437e-10,  1.82121287e-10,  1.46008156e-09,  1.81012464e-10,
         -3.82966466e-09, -2.17780652e-09, -4.11488566e-10,  1.87427739e-09,
          2.45977540e-09,  1.59637683e-09]),
  7.393019973989112e-09,
  98305),
 (array([-1.11219469e-09,  7.75636926e-10, -2.91777131e-09,  2.34537662e-09,
         -2.43372664e-09, -8.12979235e-10,  7.61477257e-11, -5.03017765e-10,
          1.95956376e-09,  5.50315990e-09]),
  9.534794731536067e-09,
  38657),
 (array([-1.46272511e-10,  7.95235536e-10,  3.20564617e-10,  1.97418164e-09,
          4.70837371e-09, -5.25493265e-10,  1.94081093e-09,  6.39841347e-10,
          3.89125666e-09,  2.10874810e-09]),
  9.021193125846594e-09,
  32769),
 (array([ 1.80279096e-09,  3.20985423e-10, -1.50158325e-09, -3.12837749e-10,
          4.44495803e-09, -9.15187982e-10, -4.46417982e-09,  4.55050926e-10,
          1.74269770e-09, -2.14092003e-09]),
  9.300102465914506e-09,
  37633)]

Giá trị trung bình (mean) của Ackley (d=10, n=256) trong CEM: 2.0462683766311316
Độ lệch chuẩn (std) của Ackley (d=10, n=256) trong CEM: 6.138805104953273