random_seed = 21521749

[(array([ 3.15058608e-10, -3.64037969e-10,  1.54409785e-09,  3.09243342e-09,
         -3.28511133e-09,  1.60474754e-09, -6.90012140e-10,  1.48104534e-09,
          1.07025999e-10,  1.81120036e-09]),
  7.100180443586623e-09,
  9409),
 (array([-6.62562405e-10,  1.51919107e-09,  1.29923247e-09, -1.35422829e-09,
         -5.88399412e-09, -6.99560825e-10,  2.59650345e-10,  2.91310426e-09,
         -3.27948086e-09,  9.42648498e-10]),
  9.925870347871069e-09,
  8257),
 (array([ 8.73497568e-10, -2.79362965e-09, -2.00980830e-09,  5.69935254e-11,
          4.14940324e-09, -8.32740879e-10,  4.22563440e-09, -1.00551974e-09,
         -1.89951524e-09, -2.28192772e-09]),
  9.65014779197304e-09,
  9473),
 (array([-1.80917607e-09,  3.68348413e-10,  2.58539084e-09,  4.11103355e-09,
          1.77854534e-09,  1.04685907e-09, -5.51819503e-10, -8.07262701e-10,
          9.43479661e-10, -1.62581184e-09]),
  7.562260595506132e-09,
  7937),
 (array([ 2.40020483e-09, -1.28883652e-09,  2.23712737e-09, -5.94108486e-10,
          2.89551838e-09,  3.02451757e-10,  1.23814996e-09,  4.21297942e-09,
         -7.01654121e-10, -2.03934059e-10]),
  8.106433302401683e-09,
  8705),
 (array([-5.90778233e-10,  1.53889650e-10,  1.45400206e-09, -2.78055625e-10,
         -1.07250843e-09, -1.57723456e-09,  1.91682882e-09,  4.70694044e-10,
          3.16576111e-09,  1.32605569e-09]),
  5.916529932648018e-09,
  7681),
 (array([ 1.61513169e-09, -2.25313382e-09,  7.24076958e-10, -4.28257045e-09,
          1.04057284e-10,  3.70916491e-09,  2.26699540e-10, -1.18245222e-10,
         -3.15039027e-09,  1.95308245e-09]),
  9.305786807800587e-09,
  7233),
 (array([ 7.89324435e-10, -4.95822312e-14, -2.49548934e-09,  5.15508315e-09,
         -1.42360341e-09,  1.41524232e-09, -5.08648192e-11,  2.10022858e-11,
         -3.89435759e-10, -2.08216233e-09]),
  8.192195810607927e-09,
  7937),
 (array([ 9.52439719e-10, -6.27351636e-10, -1.07160439e-09, -3.31884681e-09,
          3.68348786e-09,  2.23313208e-09,  2.81715970e-10,  2.38169474e-09,
          2.12143437e-10, -1.04887731e-09]),
  7.890829767376317e-09,
  9153),
 (array([-8.17868500e-10, -4.14237163e-09,  1.15650870e-09,  1.79067206e-09,
         -1.21517418e-09,  2.77867491e-09, -1.91305728e-09,  2.41577620e-09,
         -3.74211400e-09,  9.61657859e-10]),
  9.465204175995723e-09,
  8385)]

Giá trị trung bình (mean) của Ackley (d=10, n=64) trong CEM: 8.311543897576712e-09
Độ lệch chuẩn (std) của Ackley (d=10, n=64) trong CEM: 1.2130785116734924e-09