random_seed = 21521749

[(array([ 1.56961113e-09,  2.15610308e-09,  9.63924081e-10, -9.84264610e-10,
          7.12396408e-10, -1.94567627e-09,  2.12242921e-09,  3.21970523e-09,
         -5.32554236e-09, -1.08625119e-09]),
  9.609668172316788e-09,
  4449),
 (array([-2.40978588e-09,  2.00905281e-09,  2.26107478e-09,  6.37034835e-10,
          9.05197301e-10,  1.39930816e-09, -3.22816698e-09,  7.16707842e-10,
          1.92176255e-10, -2.98365540e-09]),
  7.798761192390202e-09,
  4449),
 (array([-2.24885462e-10,  9.32197378e-10,  6.68332941e-10,  1.22382970e-09,
          1.52044309e-09,  8.07649173e-10,  3.84801388e-09,  2.10340226e-10,
          3.51181036e-09, -2.21178629e-09]),
  7.787612776866126e-09,
  10209),
 (array([-1.54685065e-09, -3.72165309e-11,  1.77946730e-09,  2.75422991e-10,
         -1.52796137e-09, -4.48819197e-09, -1.68641551e-09, -1.24498871e-09,
         -1.82560791e-09,  2.32390581e-10]),
  7.578478733449856e-09,
  4193),
 (array([-2.78214220e-09,  1.20433826e-09, -1.06799752e-09,  3.85738095e-09,
          8.95119715e-12, -7.42224570e-10, -2.07342521e-09,  6.67599572e-10,
         -4.20503986e-09,  1.56438188e-09]),
  9.000992395868934e-09,
  13121),
 (array([-4.58370448e-10, -1.04775631e-09,  4.84379774e-10, -9.83101736e-10,
         -4.62423174e-10,  2.20538218e-10,  2.62814032e-09, -3.47604897e-09,
          1.87988929e-10,  5.62248946e-09]),
  9.244175647182828e-09,
  9985),
 (array([-5.51735155e-09, -7.03008353e-10, -1.83186135e-09, -1.32142101e-09,
         -2.44458263e-09,  4.22369358e-10,  7.37344120e-11,  4.93640711e-10,
          3.60535377e-09,  1.63109907e-09]),
  9.64156088301138e-09,
  5377),
 (array([-3.83283672e-09, -3.92119972e-10, -1.18748924e-09, -2.42359464e-10,
          3.54779702e-09, -8.28756814e-11, -9.42925939e-10,  2.61226560e-09,
         -2.98450039e-09, -5.79647318e-11]),
  8.535164131018291e-09,
  9985),
 (array([ 2.61506739e-10, -6.30501332e-10, -1.92481125e-09,  9.39717553e-11,
          9.49051760e-10, -2.80360005e-09, -3.95479843e-09, -4.33211198e-09,
          2.40063251e-09, -2.48297820e-09]),
  9.738695627703464e-09,
  8705),
 (array([ 1.82192234e-09, -3.02742579e-09, -9.71139219e-10, -2.87442547e-09,
          2.32519286e-09,  2.14935884e-09,  4.16218355e-09, -3.80312204e-10,
          1.69313855e-09, -2.57184171e-09]),
  9.68841762372108e-09,
  5537)]

Giá trị trung bình (mean) của Ackley (d=10, n=32) trong CEM: 8.862352718352895e-09
Độ lệch chuẩn (std) của Ackley (d=10, n=32) trong CEM: 8.259959588360675e-10