random_seed = 21521749

[(array([ 0.96124554,  0.83762139,  0.60797037,  0.36643812,  0.16117074,
          0.08549906,  0.07449132, -0.1164923 ,  0.07147313, -0.0524735 ]),
  8.285656445424685,
  100096),
 (array([ 0.65202889,  0.43621547,  0.1652187 ,  0.02375802,  0.02783994,
         -0.04918213, -0.01855215, -0.0341198 , -0.04646448,  0.00194117]),
  8.126581573831215,
  100096),
 (array([1.0175253 , 1.01208129, 0.98520708, 0.9599241 , 0.92968894,
         0.87336486, 0.71883183, 0.75294394, 0.70783743, 0.44617949]),
  8.541986356562864,
  100096),
 (array([ 0.97631673,  0.87962003,  0.76201387,  0.54513097,  0.27614789,
          0.05702843, -0.05625268,  0.03918663,  0.03300288, -0.11185538]),
  7.286654368072934,
  100096),
 (array([ 0.91540644,  0.91896124,  0.85173232,  0.74819484,  0.53161792,
          0.24405174,  0.11360674,  0.02193249, -0.05453378,  0.01032697]),
  5.293703776714016,
  100096),
 (array([ 8.66269136e-01,  9.08844058e-01,  7.96668264e-01,  6.98488043e-01,
          4.91457497e-01,  1.74073905e-01,  6.80046103e-03,  6.03501833e-02,
          4.18099233e-03, -3.75856699e-04]),
  6.503862781570234,
  100096),
 (array([ 0.78905913,  0.58860509,  0.29091729,  0.16639852,  0.02385773,
         -0.0691679 , -0.06344574, -0.01336713,  0.04668364,  0.01599636]),
  7.5424090115689495,
  100096),
 (array([0.9467416 , 0.95404281, 1.02388794, 1.03179824, 1.11872081,
         1.11603491, 1.15088405, 1.43516087, 2.09581057, 4.39587987]),
  7.4804112118252775,
  100096),
 (array([0.85629824, 0.72512682, 0.50696594, 0.20205945, 0.05286027,
         0.01059961, 0.04902519, 0.10102289, 0.06024169, 0.03062568]),
  7.347384978500534,
  100096),
 (array([ 0.88804255,  0.71502987,  0.50353353,  0.24003842,  0.05577778,
         -0.01052352,  0.04051017, -0.00180592, -0.03998487, -0.03996225]),
  6.918018381341754,
  100096)]

Giá trị trung bình (mean) của Rosenbrock (d=10, n=128) trong DE: 7.332666888541246
Độ lệch chuẩn (std) của Rosenbrock (d=10, n=128) trong DE: 0.8991839255612692