random_seed = 21521749

[(array([1.00362026, 1.00874738, 0.9948979 , 1.0150459 , 1.03239965,
         1.04454262, 1.08312542, 1.09855355, 1.22470859, 1.56144917]),
  1.2052052427541597,
  100032),
 (array([0.9959203 , 0.99085784, 0.99110998, 0.95411128, 0.8414162 ,
         0.69518434, 0.49768913, 0.19378278, 0.12138811, 0.0505519 ]),
  3.516638943832568,
  100032),
 (array([1.04990668, 1.02151942, 0.99646169, 0.96849353, 0.9393453 ,
         0.91280636, 0.88411317, 0.78462326, 0.6617947 , 0.44494223]),
  1.6937839265904506,
  100032),
 (array([1.05371261, 1.04115445, 1.02248152, 0.97768234, 1.01002435,
         0.96554796, 0.97011953, 1.00889198, 0.99047439, 0.93255799]),
  1.7242643540372873,
  100032),
 (array([0.97227045, 0.95533508, 0.92022351, 0.84134424, 0.71362386,
         0.53374568, 0.26890744, 0.10030773, 0.02466265, 0.01570056]),
  2.8589674866654535,
  100032),
 (array([0.95821037, 0.96270284, 0.98295509, 0.91511191, 0.84781769,
         0.79635701, 0.75727077, 0.55141835, 0.2887604 , 0.07435887]),
  1.9012638834441307,
  100032),
 (array([0.99585434, 0.93944269, 0.97841106, 0.9750812 , 1.04265563,
         1.03215451, 1.08687032, 1.1467818 , 1.35460107, 1.86599237]),
  0.504592536335486,
  100032),
 (array([0.97313858, 0.97611904, 0.93790706, 0.91090222, 0.88562556,
         0.868045  , 0.71649692, 0.59321536, 0.30979422, 0.0499437 ]),
  1.608645162438656,
  100032),
 (array([0.95133362, 0.94931179, 0.93571609, 0.88815823, 0.78677721,
         0.68075769, 0.4847433 , 0.26411503, 0.04276567, 0.03070606]),
  2.891518466077181,
  100032),
 (array([0.94617606, 0.92615425, 0.96298858, 0.99585677, 0.96203108,
         0.92679429, 0.8289293 , 0.71103923, 0.47425213, 0.25398703]),
  2.49617277661755,
  100032)]

Giá trị trung bình (mean) của Rosenbrock (d=10, n=64) trong DE: 2.040105277879292
Độ lệch chuẩn (std) của Rosenbrock (d=10, n=64) trong DE: 0.852266105378256