random_seed = 21521749

[(array([0.99778371, 0.99103856, 1.00287147, 1.00859494, 0.99825391,
         0.97977575, 0.96047261, 0.91320549, 0.82528858, 0.68158111]),
  0.1663086702828579,
  100000),
 (array([1.00568811, 1.00836261, 1.01030857, 0.9972481 , 0.99280505,
         0.98123422, 0.97671598, 0.97392836, 0.93326768, 0.852417  ]),
  0.18571769579750524,
  100000),
 (array([0.9994049 , 0.99767048, 1.00255306, 1.00753905, 0.99539194,
         1.00363813, 1.0029286 , 0.97491176, 0.96324767, 0.94032015]),
  0.06731412186618585,
  100000),
 (array([0.98699397, 0.98169586, 0.98708486, 0.99017383, 0.96865213,
         0.94462273, 0.88894175, 0.79664102, 0.64225157, 0.42087419]),
  0.2882483420026313,
  100000),
 (array([1.00127918, 0.99899694, 0.9944258 , 0.99099598, 0.97408858,
         0.96119824, 0.93200729, 0.86597464, 0.76414493, 0.57189693]),
  0.1471072015389736,
  100000),
 (array([0.99859178, 1.0025757 , 1.00951597, 0.98098677, 0.97445214,
         0.94147392, 0.87155163, 0.76287527, 0.58780184, 0.34327158]),
  0.17591797196598047,
  100000),
 (array([0.99373033, 0.99958509, 1.01063375, 0.99949955, 0.9935762 ,
         0.98185899, 0.97763652, 0.95656679, 0.95219804, 0.91132102]),
  0.24550931349268967,
  100000),
 (array([1.00369508, 0.99860711, 0.99235047, 0.99359673, 0.98134892,
         0.97228664, 0.94629771, 0.89344875, 0.79955377, 0.62657205]),
  0.0648238794479765,
  100000),
 (array([1.00119872, 1.00188698, 0.9975118 , 0.99936398, 0.99584135,
         0.99122615, 0.98636801, 0.97696492, 0.97246835, 0.946601  ]),
  0.043885648824653685,
  100000),
 (array([1.0183079 , 1.02109332, 1.00988375, 0.98892103, 0.9806552 ,
         0.95581863, 0.90078217, 0.78892372, 0.65130355, 0.44824139]),
  0.6199338036132401,
  100000)]

Giá trị trung bình (mean) của Rosenbrock (d=10, n=32) trong DE: 0.20047666488326943
Độ lệch chuẩn (std) của Rosenbrock (d=10, n=32) trong DE: 0.15848264680557644