random_seed = 21521749

[(array([-0.60993   ,  0.37642975, -0.02527263,  0.08901526, -0.14385578,
          0.15041218,  0.09465172,  0.0468773 ,  0.03076505,  0.08464993]),
  18.561656260105565,
  100096),
 (array([ 0.22482597,  0.22457205,  0.1148086 , -0.13971967,  0.21400963,
          0.11294166, -0.05601114,  0.1612972 , -0.07830915,  0.03572062]),
  21.83510635187088,
  100096),
 (array([-0.20087975, -0.16866447, -0.01633049,  0.12125465, -0.05176117,
          0.13237992,  0.07120976,  0.03914603,  0.11775179, -0.10813848]),
  20.436849568089954,
  100096),
 (array([ 0.75536384,  0.63463342,  0.484126  ,  0.20387992, -0.06050509,
          0.13598024, -0.01665813,  0.01388807,  0.21717559,  0.29200399]),
  20.38624753353979,
  100096),
 (array([ 0.39337746,  0.15467552,  0.02600904, -0.02425066,  0.05378499,
          0.20552492,  0.21114479,  0.03294481,  0.07321694,  0.21798191]),
  19.382261982853688,
  100096),
 (array([-0.44588522,  0.21882722,  0.18534165, -0.12791654,  0.12022411,
          0.03535388,  0.02400926, -0.0675104 ,  0.12091321, -0.01333814]),
  16.838536656240887,
  100096),
 (array([ 0.47692032,  0.30864895,  0.19292717,  0.08080932, -0.04112999,
         -0.03150804,  0.09260633, -0.13219365,  0.03790429, -0.16097517]),
  15.067531138492466,
  100096),
 (array([-0.32441017,  0.09888369,  0.09975009, -0.00426417,  0.07903567,
          0.11076218,  0.05106353, -0.07811858, -0.05006068, -0.01864611]),
  12.902256379195073,
  100096),
 (array([-0.63576278,  0.29252952,  0.09147813, -0.0747875 ,  0.00399108,
         -0.17235845,  0.01932594,  0.06105227, -0.06581521,  0.0206631 ]),
  16.305263236027255,
  100096),
 (array([-0.74347002,  0.53495691,  0.35181901,  0.05553954,  0.28078081,
          0.24812628,  0.14959856,  0.1038568 ,  0.05436847, -0.01781471]),
  21.248574302159167,
  100096)]

Giá trị trung bình (mean) của Rosenbrock (d=10, n=256) trong DE: 18.29642834085747
Độ lệch chuẩn (std) của Rosenbrock (d=10, n=256) trong DE: 2.7757627890722754