random_seed = 21521749

[(array([1.00353317, 1.00965852, 1.00183587, 1.00570537, 1.00825555,
         1.02117031, 1.03596612, 1.07015612, 1.1367759 , 1.29340588]),
  0.07355163385436625,
  100000),
 (array([1.0143126 , 1.01179072, 1.01269742, 1.00534706, 0.9724049 ,
         0.97799824, 0.94041572, 0.85894251, 0.72679732, 0.55291839]),
  0.5973881357223583,
  100000),
 (array([1.00003705, 0.99979264, 0.99978891, 1.00025302, 0.99999222,
         0.99984054, 1.00017446, 1.0007022 , 1.00230757, 1.00482257]),
  0.00021453981744617252,
  100000),
 (array([0.99670101, 0.99212588, 0.99653959, 1.00483319, 0.99352278,
         0.98583843, 0.96416475, 0.92495161, 0.83540111, 0.69022201]),
  0.1441020966334545,
  100000),
 (array([0.99623189, 0.99857407, 0.99942773, 0.9991563 , 0.99975951,
         1.0005501 , 0.99770975, 0.99568981, 0.99219179, 0.98071121]),
  0.007275379578194395,
  100000),
 (array([1.00687706, 1.0067056 , 1.00374579, 0.99742045, 0.99179851,
         1.00028423, 0.95631383, 0.90846492, 0.83460722, 0.72000798]),
  0.22640713702538884,
  100000),
 (array([0.99947979, 0.99846788, 0.99663734, 0.987529  , 0.9793701 ,
         0.970099  , 0.95197202, 0.90470889, 0.82670893, 0.68519246]),
  0.06665101865191196,
  100000),
 (array([1.00089686, 1.00094919, 1.00015782, 1.00114954, 1.00104975,
         1.00153916, 1.00056463, 1.00103306, 1.00295956, 1.00559321]),
  0.0013736863960091116,
  100000),
 (array([1.00096044, 1.00187544, 0.99950508, 1.00041218, 0.99926804,
         1.00041679, 0.99711932, 0.99716963, 0.99638592, 0.99443024]),
  0.0034981673029024583,
  100000),
 (array([1.00247994, 1.000006  , 0.99968214, 0.99930156, 1.0009209 ,
         1.00355856, 1.00524001, 1.01286924, 1.02629517, 1.05204572]),
  0.005290629704283033,
  100000)]

Giá trị trung bình (mean) của Rosenbrock (d=10, n=16) trong DE: 0.11257524246863149
Độ lệch chuẩn (std) của Rosenbrock (d=10, n=16) trong DE: 0.1766673800507891