random_seed = 21521749

[(array([  6.4334393 ,  17.52240206,   1.11672588, -13.3407677 ,
          20.95239302,   0.43152009,   0.42009547,  -0.97363524,
           1.35282305,  -9.36490369]),
  0.6814820249895802,
  100096),
 (array([ -6.21225445,   4.98540161,   4.59454688,  18.19848398,
           0.39292986, -15.08317428,   8.68756079,   7.96788024,
           7.99581763,   0.80830423]),
  0.6019961575606572,
  100096),
 (array([ -9.56417548, -22.38143357,   5.81220021,   6.219225  ,
         -12.66986324,   0.04182412,  15.7550385 ,   8.69422022,
          11.12356642,  -0.72195502]),
  0.7103309876509012,
  100096),
 (array([  3.24565679,  -4.36396338,   5.17786303,  -0.66870823,
           7.218356  ,  -6.52692045, -14.73569571,   8.71098237,
           2.0574409 ,  -0.7999296 ]),
  0.6483959255508812,
  100096),
 (array([22.26623954, -0.42149845, 22.11860646, 17.92668275, -7.98817249,
         -7.7538568 ,  7.52652461,  9.94633684, -0.31086033,  0.97370707]),
  0.7787341798069005,
  100096),
 (array([ -0.52723132,  13.49637936, -10.31711286,  -6.21826623,
          -1.04564634,  -6.83450356,   1.2689811 ,  -9.19103138,
           0.66881879,  -2.91802153]),
  0.7641046384504127,
  100096),
 (array([ 5.99184964, -0.27785234, -5.67478751,  0.908149  , -6.42245401,
         -0.88026631,  9.5946797 , -1.73358349,  1.79558432, 11.8604306 ]),
  0.7172916211392202,
  100096),
 (array([-2.85995697, -9.34682112,  0.93123079, -6.28723863,  0.85340459,
         -7.37394312,  6.78607059,  7.42773666,  1.14514461,  9.92385833]),
  0.6112699288659637,
  100096),
 (array([  9.21692471,   5.59756285,  -0.09151498, -12.45701853,
          12.85423908,  -8.18777375,  -8.22701864,  -0.62006011,
           0.05835613,  -0.09186408]),
  0.5937399015716367,
  100096),
 (array([ -3.4063457 ,  -3.58932738, -10.34379739,  -5.68909093,
          -8.57927352,   9.22064195,  -8.56307568,  -8.43152338,
           0.97124204, -11.23558678]),
  0.7632251198650257,
  100096)]

Giá trị trung bình (mean) của Griewank (d=10, n=256) trong DE: 0.687057048545118
Độ lệch chuẩn (std) của Griewank (d=10, n=256) trong DE: 0.06694124598412422