random_seed = 21521749

[(array([-2.95134386,  4.34280098, -0.79618934, 11.55901099,  7.43675107,
          7.78542028, -8.68885173,  9.05274892, -8.28248776, -9.36966562]),
  0.46604077371367447,
  100000),
 (array([ 1.28147796e+01, -6.81637647e-03, -1.03567666e+01, -6.50696416e-02,
         -7.33340895e+00,  1.45067806e+01,  7.52414479e+00,  9.72903430e+00,
          7.38658923e-01, -1.08606875e+01]),
  0.47443473909073564,
  100000),
 (array([ -3.34844937,  -9.00207486, -10.48739405,  -6.75093816,
           6.25182862, -15.45272689,   0.74585013,   8.81568182,
           1.414852  ,   0.77620805]),
  0.4303644360869371,
  100000),
 (array([-12.81030539,  -8.67091875,   5.37138927,   6.43304609,
           6.30822995,  23.51287847,   0.18528864,  -1.36001964,
           0.63348913,   0.4055683 ]),
  0.4599499444411269,
  100000),
 (array([-8.99430885,  4.49338121, 11.32852956, -7.05531578,  7.12143148,
         -8.10101943,  8.27319713, -0.34175951,  0.83987641, -1.5414866 ]),
  0.4410408256311229,
  100000),
 (array([-8.94381596,  4.40885605, -0.45058773,  0.75204067, -0.66175505,
          1.12520354,  7.25237032,  0.44952637,  9.61375628,  0.42410321]),
  0.4475794823992424,
  100000),
 (array([  6.08797696,  13.4310534 ,  -5.81677729, -12.10459631,
         -14.28001295,   0.14262557,   0.79605714,  -8.57769694,
          -0.56831013,   8.17624196]),
  0.4542550249950942,
  100000),
 (array([-6.28678553e+00,  9.32167401e-01,  1.07875621e+01,  3.34760452e-01,
          4.43819002e-03,  1.58325712e+01, -8.45368403e+00, -6.18385010e-01,
         -9.56261774e+00, -5.98621169e-01]),
  0.4105540879972136,
  100000),
 (array([  3.26774038,  -9.42674256, -11.30005978,   6.22600871,
           0.05722862,   8.55937631,  -0.26851577,   0.64762257,
          -8.00272897,  -0.45965989]),
  0.3861092764660009,
  100000),
 (array([ 9.71019778,  4.6060544 , -5.83321474, -7.17644056, -6.74464478,
          7.26889897,  0.40654619, 17.91136069,  0.39452887, -0.9881563 ]),
  0.3931352212435235,
  100000)][(array([-2.95134386,  4.34280098, -0.79618934, 11.55901099,  7.43675107,
          7.78542028, -8.68885173,  9.05274892, -8.28248776, -9.36966562]),
  0.46604077371367447,
  100000),
 (array([ 1.28147796e+01, -6.81637647e-03, -1.03567666e+01, -6.50696416e-02,
         -7.33340895e+00,  1.45067806e+01,  7.52414479e+00,  9.72903430e+00,
          7.38658923e-01, -1.08606875e+01]),
  0.47443473909073564,
  100000),
 (array([ -3.34844937,  -9.00207486, -10.48739405,  -6.75093816,
           6.25182862, -15.45272689,   0.74585013,   8.81568182,
           1.414852  ,   0.77620805]),
  0.4303644360869371,
  100000),
 (array([-12.81030539,  -8.67091875,   5.37138927,   6.43304609,
           6.30822995,  23.51287847,   0.18528864,  -1.36001964,
           0.63348913,   0.4055683 ]),
  0.4599499444411269,
  100000),
 (array([-8.99430885,  4.49338121, 11.32852956, -7.05531578,  7.12143148,
         -8.10101943,  8.27319713, -0.34175951,  0.83987641, -1.5414866 ]),
  0.4410408256311229,
  100000),
 (array([-8.94381596,  4.40885605, -0.45058773,  0.75204067, -0.66175505,
          1.12520354,  7.25237032,  0.44952637,  9.61375628,  0.42410321]),
  0.4475794823992424,
  100000),
 (array([  6.08797696,  13.4310534 ,  -5.81677729, -12.10459631,
         -14.28001295,   0.14262557,   0.79605714,  -8.57769694,
          -0.56831013,   8.17624196]),
  0.4542550249950942,
  100000),
 (array([-6.28678553e+00,  9.32167401e-01,  1.07875621e+01,  3.34760452e-01,
          4.43819002e-03,  1.58325712e+01, -8.45368403e+00, -6.18385010e-01,
         -9.56261774e+00, -5.98621169e-01]),
  0.4105540879972136,
  100000),
 (array([  3.26774038,  -9.42674256, -11.30005978,   6.22600871,
           0.05722862,   8.55937631,  -0.26851577,   0.64762257,
          -8.00272897,  -0.45965989]),
  0.3861092764660009,
  100000),
 (array([ 9.71019778,  4.6060544 , -5.83321474, -7.17644056, -6.74464478,
          7.26889897,  0.40654619, 17.91136069,  0.39452887, -0.9881563 ]),
  0.3931352212435235,
  100000)]

Giá trị trung bình (mean) của Griewank (d=10, n=32) trong DE: 0.4363463812064672
Độ lệch chuẩn (std) của Griewank (d=10, n=32) trong DE: 0.029069821357773914