random_seed = 21521749

[(array([  0.3995586 ,  21.54280569, -11.46199857,   6.70556103,
         -13.89442085,   7.41776522,  -0.49691054,  -9.51415134,
          -0.13087574,  -0.16254809]),
  0.5277547612425848,
  100000),
 (array([  0.42270452,  -8.26306805, -10.36556353,  -6.53846518,
          -6.6068411 ,   8.7514985 ,   0.52945429,  -9.07847092,
          -1.36346151,   0.7971486 ]),
  0.464308298739465,
  100000),
 (array([-21.94737753,   4.49781701, -11.38274986,   0.03625145,
          -6.18125921,  -7.73709941,   0.24004051,  -0.11149836,
          -0.99469776,   0.79169033]),
  0.3720340759992027,
  100000),
 (array([ 6.07517366,  0.28679305,  5.61668833, -1.04211265,  0.43074235,
          0.25620516, -7.95238888, -0.13604023,  8.71884057,  8.80476461]),
  0.34388211278291625,
  100000),
 (array([ 2.84512572,  8.88831092,  5.71061198, -6.36129693, -7.50150768,
         -8.62685592,  0.31160606,  8.05699498, -9.235628  ,  7.72363508]),
  0.5029545283878438,
  100000),
 (array([-2.62939014,  3.47609578,  4.99152778,  6.0443303 , -6.16253055,
          1.04416922, -8.20854117, -8.49601231,  9.85420354,  1.66434006]),
  0.4983499837480284,
  100000),
 (array([ -6.80178875,   8.81817776,  -5.14693819,  -0.42287489,
           0.52302249,  -6.99749266,  -0.05257875,  -0.29682705,
         -18.92237072,   0.77188078]),
  0.386906357648955,
  100000),
 (array([  9.57794645,  -4.85179933,  -0.36453856,  -5.50344838,
         -14.65138967,   7.15836278,  -0.16908875,  -9.52659945,
          19.15768535,   9.70073232]),
  0.46310834251725497,
  100000),
 (array([ -6.42742185, -13.20729194, -10.18238533,   7.08539041,
          -7.04735516, -15.64423823,   0.54601428,   0.96658751,
           8.48131865,  -2.01461573]),
  0.4769415313137635,
  100000),
 (array([  0.02565368,  -9.06521614,  10.54654484,  12.30110312,
          -8.37486956,  -0.31012212,  -8.3679662 , -16.68462543,
          -7.97894468,  -9.51509325]),
  0.3769472134775307,
  100000)]

Giá trị trung bình (mean) của Griewank (d=10, n=16) trong DE: 0.4413187205857545
Độ lệch chuẩn (std) của Griewank (d=10, n=16) trong DE: 0.06180102795330812