random_seed = 21521749

[(array([ -3.01882005,  -0.34038138, -11.05911404,  -6.52806087,
         -14.26810642,   6.97846069,  -6.19524277,  -0.18032565,
          18.59211545,   0.11225033]),
  0.5748020372719598,
  100032),
 (array([12.67289784,  8.77759544,  5.1066043 ,  6.10135887,  8.00024783,
          0.13933717, -0.45528723, -9.14949437, 19.61782738,  0.88500995]),
  0.40897518473343286,
  100032),
 (array([  3.5193246 ,  -4.47588947,   0.19514543,   4.98330778,
           0.18704374,   0.02195177, -16.39582852,  -0.6798412 ,
         -10.16521719,  -0.34955779]),
  0.4243817140052557,
  100032),
 (array([ 1.33331448e-01, -1.36091093e+01, -5.58809979e+00, -6.22236965e+00,
          8.49419897e-01, -1.69938851e-01, -8.19960572e-03, -1.68311755e-01,
         -6.93161163e-01, -1.24051701e+01]),
  0.4839803257943258,
  100032),
 (array([  9.669405  ,  -0.20872193,   5.89127502, -19.05203467,
          -0.09929582,   7.79101607,  -8.83013634,  -1.42132799,
          -0.94294475, -11.05459136]),
  0.4484238603517037,
  100032),
 (array([ -0.18040971, -12.77460078,  -5.42132755,  -6.17725333,
          -0.48662592,   7.50520736,  -8.48009711,   8.58539805,
          -0.63691761,  -1.05371461]),
  0.29840882901952637,
  100032),
 (array([-3.2525041 ,  0.18196008,  5.22272455, 12.08909688,  7.20711986,
          1.37931744, -9.06699583,  0.65855196,  0.7394298 , -0.06365668]),
  0.3554079121510493,
  100032),
 (array([-2.49189941, -4.76793982,  0.08233242,  5.74208551, -0.13998138,
          0.97306874,  7.64521794, -8.43701066, -1.23526831,  9.35496554]),
  0.47859044810140694,
  100032),
 (array([ 9.14271868,  0.11012444,  5.61869804,  0.50823836,  7.74061046,
         -7.95858393, -0.46370515, 17.06354098, -0.02150821, -1.35892589]),
  0.378414235895141,
  100032),
 (array([-12.42681519,   8.42767295, -10.30609966,  13.03148612,
           1.24128452,   7.15080443,   0.82334437,  -9.67640512,
          10.0594148 , -10.03528816]),
  0.5726885665575709,
  100032)]

Giá trị trung bình (mean) của Griewank (d=10, n=64) trong DE: 0.44240731138813727
Độ lệch chuẩn (std) của Griewank (d=10, n=64) trong DE: 0.08450887765071226