random_seed = 21521749

[(array([  0.27106894,   8.89265863,  -5.56425767,  18.89650236,
          -5.69019365,   8.60877049,  -0.39890354,   1.0508727 ,
          -7.73889102, -10.14331389]),
  0.6087965472324994,
  100096),
 (array([  0.24397182,  -0.34523979,   4.991148  , -12.27617093,
          -6.15250049,  -7.45891316,  -0.18789208,   0.24319975,
         -10.27231222,   0.12544623]),
  0.3032593542294648,
  100096),
 (array([  9.31181265,  -0.44238655,  -4.13561945,  -6.41932203,
           6.79072562,   8.07910044,  -0.33590405, -10.72685456,
           0.79978298,   0.63820295]),
  0.5894283020014097,
  100096),
 (array([ 6.55735247, 12.55001899,  5.78437257, -6.79929048,  0.37171602,
         -7.00083014, -0.42310655, -1.07812741,  0.36528636, -0.76229462]),
  0.432399050094176,
  100096),
 (array([  9.34987091, -22.60737941, -10.40003547,  -5.71402949,
          -0.8089084 ,   0.14651564,  -8.26292761,  -0.45101913,
           0.71530855,  -2.31584112]),
  0.6143352260255461,
  100096),
 (array([ 3.28410027, -0.77415628,  5.46644771, -0.17411558,  7.54805143,
         -6.88136704,  7.14998282,  9.665526  ,  0.9381114 , -0.62934913]),
  0.4439586724029806,
  100096),
 (array([ 0.35992556,  4.99633097, -0.12905824,  6.97739952,  6.86037558,
         -0.93400779,  9.72218238,  1.01250685,  1.29284908,  1.64936297]),
  0.5781833683942208,
  100096),
 (array([ -0.32232777, -17.72297739, -11.2198123 ,  -0.46616417,
          -5.59247947,  -0.87064272,   0.78151729,  -8.28378324,
         -10.89483409,   9.70625901]),
  0.6289007761442612,
  100096),
 (array([  0.42238614,   8.38536208,  -0.26153649, -11.32265196,
         -14.0790281 ,  -8.45517661,  -0.78684562,  -8.6976399 ,
           0.12582151,   0.08951394]),
  0.5124645258368052,
  100096),
 (array([ 3.69062247,  9.10529252,  9.94828316, -0.91287194,  7.52731369,
         -0.06948472, -0.08544021, -9.03059391, -9.66082461, -0.80464965]),
  0.4980487820550785,
  100096)]

Giá trị trung bình (mean) của Griewank (d=10, n=128) trong DE: 0.5209774604416443
Độ lệch chuẩn (std) của Griewank (d=10, n=128) trong DE: 0.09889931076511696