random_seed = 21521749

[(array([-1.55951952e-05, -2.42822187e-05,  4.90451620e-05, -4.22025213e-05,
         -9.92573977e-05,  1.43581180e-04, -1.87465502e-04, -1.43227595e-04,
          8.42198375e-05, -4.08334582e-06]),
  7.807536062109932e-09,
  3873),
 (array([-2.26979880e-05, -3.85799183e-05, -5.87859203e-05, -1.25791973e-04,
          6.00865613e-05, -3.24757719e-05, -4.48401176e-05,  1.13174148e-04,
         -1.18512619e-04,  1.89563784e-04]),
  7.1763881503983384e-09,
  4065),
 (array([-2.40893537e-05, -7.48321562e-05,  6.16172488e-05, -8.76487808e-05,
         -1.07636345e-05, -1.11413111e-04, -5.19015631e-05, -4.27762578e-05,
          1.18571343e-04,  1.50472988e-04]),
  6.566972410304572e-09,
  2497),
 (array([-3.10701262e-05,  4.31961743e-05, -1.26655180e-04, -6.22111405e-05,
         -5.13325533e-05,  1.58437243e-04,  1.83134899e-04,  7.12314425e-05,
          2.55689920e-05, -9.07419014e-05]),
  9.647127430234548e-09,
  26897),
 (array([-3.04458784,  4.3667884 , -0.44544657,  0.20372311,  0.64199515,
         -0.01767448,  0.65821404,  0.37293338, -0.89628212,  0.74344143]),
  0.18884441216019743,
  100001),
 (array([-3.36914966, -0.41397308,  0.54338466,  0.11770819, -6.67378874,
         -0.07591151,  0.1720169 ,  0.32126391,  0.31319143, -0.358098  ]),
  0.15749301806447236,
  100001),
 (array([ 5.06143102e-05,  6.31888053e-05, -4.23762919e-05,  5.25551593e-05,
          1.13432128e-05,  1.68876655e-04,  1.04150589e-04, -1.91348988e-05,
         -1.33155765e-04,  5.44579632e-05]),
  7.262055734535977e-09,
  2737),
 (array([-5.38826651e-05,  1.05686169e-04, -6.54648293e-05,  2.67633079e-05,
          7.11508327e-05,  6.15439388e-05,  8.67930844e-05, -1.60837744e-04,
         -4.21376561e-05,  6.48513798e-05]),
  8.350381386357242e-09,
  2593),
 (array([ 1.98061443e-05, -9.52778673e-06, -2.53534598e-05,  8.56016219e-05,
         -4.79012581e-05,  1.84583535e-05, -9.36102890e-05,  1.65275990e-05,
         -9.15187732e-05,  1.80001267e-04]),
  4.2433266900232525e-09,
  2849),
 (array([ 4.44214245e-05, -3.26150626e-05, -8.30774845e-06, -6.43458251e-06,
         -2.24818401e-06,  5.54699508e-05, -5.55676611e-05, -3.17827637e-05,
         -1.51130687e-04,  3.00175226e-04]),
  7.614841979197706e-09,
  2705)]

Giá trị trung bình (mean) của Griewank (d=10, n=16) trong CEM: 0.03463374888932996
Độ lệch chuẩn (std) của Griewank (d=10, n=16) trong CEM: 0.06962133087057122