random_seed = 21521749

[(array([ 5.36390954e-05,  4.35663128e-05, -3.15322705e-05, -6.03410445e-06,
          8.90771066e-05,  1.50558609e-04, -7.44753027e-06, -6.46753023e-05,
         -9.78412421e-06,  2.26413812e-04]),
  7.622684816688263e-09,
  4769),
 (array([-5.30778636e-05,  1.51575008e-05,  1.32745610e-04, -1.29023675e-04,
          1.92944366e-05,  8.74963636e-05, -5.67845943e-05,  3.89955725e-05,
          6.87689816e-05, -6.18456681e-05]),
  7.953049108166965e-09,
  43969),
 (array([-3.12903091,  0.11784026, -0.24306879,  0.10144629,  0.19843275,
         -1.52053275, -7.09536814, -0.58584006, -0.80622194, -0.14942641]),
  0.3415954655281813,
  100001),
 (array([ 2.86899754e-05,  5.31660651e-06,  3.09159480e-05, -1.62979348e-04,
          7.63478472e-07, -2.91776170e-05, -1.56968851e-04, -1.13546863e-04,
         -1.27640355e-04,  8.73696631e-05]),
  7.844416560764955e-09,
  5473),
 (array([-3.95396457e-05,  4.54750767e-05,  8.42012857e-05,  2.97843923e-05,
          9.60714544e-05, -1.32331888e-04,  1.72589200e-05,  2.30351531e-04,
         -1.53185235e-04, -4.68521666e-05]),
  9.753892582509138e-09,
  5377),
 (array([ 2.6969418 ,  0.0312627 , -5.22416617, -0.52648037, -0.18004716,
          0.5076963 , -0.0107689 ,  0.5907792 , -0.44819965,  0.02201915]),
  0.19310964948690745,
  100001),
 (array([-3.14383502,  0.55542075,  5.42419822, -0.49780961, -0.4379146 ,
          0.61799084,  0.93807484,  0.63396771, -0.10362129, -0.25202793]),
  0.23579730220081518,
  100001),
 (array([-4.34498733e-05, -9.46607029e-06, -7.84356350e-06, -1.23529764e-05,
          5.40454582e-05, -3.30121479e-05, -2.99169890e-05,  1.95521011e-04,
          4.03937386e-05,  2.29268204e-04]),
  6.575516131590575e-09,
  3873),
 (array([-5.84875912,  3.82320198,  4.30414859,  6.27888252,  1.01279721,
         -1.15505368,  0.40963734,  0.6012898 ,  0.85485562, 11.14936111]),
  0.6108335147783595,
  100001),
 (array([-1.59689098e-05,  4.99685031e-05, -5.88697325e-05, -3.03410902e-05,
         -7.98674788e-05,  9.04133230e-05, -1.66058786e-05, -1.90123179e-04,
         -1.78534904e-04, -2.35181508e-04]),
  9.61502388818758e-09,
  6145)]

Giá trị trung bình (mean) của Griewank (d=10, n=32) trong CEM: 0.13813359813588466
Độ lệch chuẩn (std) của Griewank (d=10, n=32) trong CEM: 0.19796157201749476