random_seed = 21521749

[(array([ 3.52481110e-05, -8.67183307e-05,  4.62263823e-06,  4.11281972e-05,
         -1.78684737e-05,  1.32140136e-04,  2.43669804e-04,  6.99683961e-05,
          6.98728619e-05,  9.53113984e-05]),
  9.502360898139273e-09,
  7937),
 (array([ 4.17157123e-07,  3.37697776e-05, -4.60425222e-05, -6.59984869e-05,
         -1.57730868e-04, -1.66054774e-04,  7.77489118e-05, -7.99650427e-05,
         -8.43817660e-05, -2.23822810e-04]),
  9.732995964739644e-09,
  6913),
 (array([-1.76536315e-05,  3.29971157e-05,  3.62644235e-05,  1.15297980e-04,
         -6.61002155e-05,  2.21421343e-05, -8.58712399e-05,  6.54308595e-05,
         -3.69556280e-07,  1.79690276e-04]),
  5.211615916600465e-09,
  9665),
 (array([-4.48558155e-05, -1.58536516e-05,  1.27227051e-05, -3.48447671e-05,
          1.51425696e-04,  3.65863931e-05,  7.44870696e-05, -8.14958547e-05,
         -2.37317680e-05,  1.04105911e-04]),
  5.049598073014749e-09,
  6529),
 (array([-5.91869377e-07, -1.16129292e-05,  6.35817412e-05,  2.89965841e-05,
         -1.99063309e-04, -2.54619529e-05, -9.39320881e-05,  4.29440163e-05,
         -1.71565734e-04,  1.32454001e-05]),
  7.240333776969976e-09,
  13505),
 (array([-2.32289467e-06, -4.31473020e-05, -7.14895170e-05, -7.19505428e-05,
         -1.92119681e-05, -2.07502355e-04, -6.06853680e-05, -7.54532349e-05,
         -8.62815673e-05, -2.12947059e-04]),
  8.921253180638189e-09,
  6593),
 (array([-3.89219269e-06, -5.89435887e-05, -2.75098927e-05, -1.52675736e-04,
          2.06716215e-04,  2.47536405e-05,  4.48261477e-05,  7.66874776e-05,
         -2.60057801e-05, -1.09976572e-04]),
  9.4165429898041e-09,
  6273),
 (array([ 2.88416014e-05, -8.85234678e-06,  8.72807879e-06,  7.63775078e-05,
          7.02317621e-05,  3.52376303e-05,  2.55172293e-05, -1.51935762e-04,
         -1.60828753e-04, -2.19383817e-04]),
  7.13454806344771e-09,
  7361),
 (array([-2.08201518e-05, -4.02710770e-05, -2.17451350e-05, -6.08628066e-05,
         -6.78993678e-05,  3.07847462e-05, -1.39821724e-04, -3.86303723e-05,
          5.22705527e-05, -9.13663746e-05]),
  3.773894641234676e-09,
  6785),
 (array([ 5.79551882e-06,  3.17215043e-05,  1.79501274e-06, -7.56433287e-05,
          1.53893996e-04, -1.02417242e-04, -1.18355395e-04, -4.53661799e-05,
          2.17795526e-04,  1.07557256e-04]),
  8.598481371357991e-09,
  7233)]

Giá trị trung bình (mean) của Griewank (d=10, n=64) trong CEM: 7.458162487594677e-09
Độ lệch chuẩn (std) của Griewank (d=10, n=64) trong CEM: 2.0298765838301954e-09