random_seed = 21521749

[(array([ 8.98127643e-06,  1.45736350e-05, -1.89554985e-05, -1.95005635e-05,
          2.11428787e-05, -4.28956426e-05, -2.18043703e-05, -2.22462411e-06,
         -2.67777564e-04,  5.43520951e-05]),
  4.5840792273210695e-09,
  12545),
 (array([ 9.50730306e-05,  3.95351870e-05,  4.19690160e-05,  2.02592265e-04,
         -2.62362596e-04,  2.44322327e-04,  2.49099152e-04,  4.05016948e-04,
         -6.92415678e-04, -1.42362869e-03]),
  1.6557666604466448e-07,
  100097),
 (array([-1.10166365e-05, -1.06710238e-05,  2.13466221e-06,  2.85467777e-05,
         -9.49248970e-05, -4.38912287e-05, -9.83395583e-05, -4.24291034e-05,
         -9.58757686e-05, -3.04108959e-04]),
  7.2227348546505254e-09,
  49793),
 (array([ 4.04517890e-05, -4.12767655e-05,  1.44619097e-05, -5.68439232e-06,
          1.04943458e-04, -3.14810674e-06,  1.46495899e-04,  1.04588843e-04,
          1.06094263e-04, -2.63772274e-04]),
  8.737843337769391e-09,
  22913),
 (array([-3.81664744e-05,  2.64256989e-05,  2.45180046e-05,  1.12113918e-05,
          1.44120226e-05,  1.03611814e-05,  3.81298011e-05,  1.47221109e-04,
         -2.25110250e-04, -2.87126491e-04]),
  9.484211971333423e-09,
  66817),
 (array([-3.83883175e-05, -3.23318383e-05, -1.86124160e-05, -1.30338809e-04,
          4.89532221e-05, -8.22353527e-05, -7.06173248e-05,  1.11412451e-04,
         -1.82168795e-04,  1.43497528e-04]),
  8.012885244212953e-09,
  13313),
 (array([ 0.37680525,  4.04938303,  6.37477741,  4.52496195,  0.71259866,
         -8.46383888, -6.34588552, -8.4629776 ,  1.78186079, -0.92520628]),
  0.8109617746733501,
  100097),
 (array([-1.02527514e-05,  1.13003003e-06,  5.48202120e-05, -1.12323302e-04,
          1.36438577e-04, -5.60132216e-05,  7.94250149e-07,  5.08273948e-05,
         -1.21057475e-04, -1.67170002e-04]),
  6.647453032471162e-09,
  8833),
 (array([-1.53730573e-05, -3.50006507e-05,  1.22546498e-04,  1.00696921e-05,
         -3.65958221e-05, -2.27224043e-04,  2.56793425e-05,  1.43075713e-04,
          1.39923181e-04, -2.10027334e-05]),
  9.84047510144137e-09,
  13569),
 (array([ 5.04524238e-07, -7.15345358e-05,  3.34872105e-05,  1.02709583e-04,
          1.30624819e-04, -1.70599715e-04,  4.30153314e-05, -1.46484975e-05,
         -1.41131190e-04, -1.14065733e-04]),
  8.843790366697135e-09,
  22913)]

Giá trị trung bình (mean) của Griewank (d=10, n=128) trong CEM: 0.08109620036234892
Độ lệch chuẩn (std) của Griewank (d=10, n=128) trong CEM: 0.24328852477033827