random_seed = 21521749

[(array([ 1.65507606e-06,  4.20940628e-05, -3.42009905e-05,  3.46100875e-05,
          1.14850765e-04, -4.07501800e-05,  1.35888267e-05, -9.66242638e-05,
          1.15879910e-04,  2.65471188e-04]),
  7.141047864145378e-09,
  22529),
 (array([-1.71933944e-05, -2.24907723e-05,  5.55067864e-05,  2.05456746e-05,
          1.94098970e-05, -9.21423826e-05,  3.57486481e-05,  1.17081848e-04,
         -2.51516887e-04, -1.64489413e-04]),
  7.430710269318297e-09,
  32513),
 (array([ 6.33554325e-06,  1.58418905e-05, -9.39519766e-06,  1.91521823e-05,
         -7.38395434e-05, -4.29960120e-05, -9.72302743e-05,  2.38413893e-04,
          3.41375449e-05,  1.55527483e-04]),
  6.369602956191045e-09,
  22785),
 (array([ 1.64927428e-05,  1.25385183e-06, -5.50433857e-05,  3.29007129e-05,
          5.42920587e-05, -1.99605053e-04,  1.23211628e-04,  3.43318951e-05,
         -1.24538896e-05,  1.65787526e-04]),
  6.955330089652989e-09,
  23297),
 (array([-2.51800620e-05, -1.13865411e-05,  2.95358540e-05,  6.94372401e-05,
         -8.45977791e-05, -1.00705377e-05, -9.49553764e-05,  3.03490695e-06,
         -5.26762207e-05,  1.19876476e-04]),
  3.348904487054938e-09,
  26625),
 (array([-1.02166081e-05,  1.39855112e-05,  7.35558755e-05, -7.03861203e-05,
          1.69060137e-05,  2.20167735e-05,  1.99668948e-04, -6.23993186e-05,
          1.21797153e-04, -2.61320801e-04]),
  9.055280858483172e-09,
  47361),
 (array([ 3.89922982e-05, -1.37038493e-05, -2.43803749e-05, -1.45826602e-05,
          8.31518523e-05, -7.71757053e-07,  2.29803241e-04,  1.07389424e-04,
         -5.83738664e-05,  6.45454430e-06]),
  6.3278543516176455e-09,
  49665),
 (array([ 1.81314892e-05,  6.16603861e-05,  6.36833145e-05,  7.34829920e-05,
         -4.01519712e-05, -5.45712137e-05,  6.39259705e-05,  1.02660523e-05,
          1.69312147e-05, -1.05516713e-04]),
  3.754702326830284e-09,
  41985),
 (array([ 6.82307562e-06, -1.78517337e-05,  2.03587110e-05, -1.57562307e-05,
          2.52457703e-05, -8.00579507e-05,  1.20696956e-04, -6.95176272e-05,
          1.25393852e-04,  1.43287208e-04]),
  4.059527158872811e-09,
  19457),
 (array([ 3.65595077e-05,  1.88247728e-06,  7.11503762e-06,  5.94848643e-05,
         -4.70777513e-05, -4.80111617e-06, -8.03340184e-05,  6.82769091e-05,
         -6.79430494e-05,  3.10323169e-04]),
  7.1970894799378016e-09,
  25345)]

Giá trị trung bình (mean) của Griewank (d=10, n=256) trong CEM: 6.164004984210436e-09
Độ lệch chuẩn (std) của Griewank (d=10, n=256) trong CEM: 1.756119711468541e-09