random_seed = 21521749

[(array([-1.95928822,  3.9107002 , -8.92686737, 13.91899614, -2.584     ,
          8.95032   ,  3.89076152, -9.451646  ,  4.900503  , -4.37734725]),
  16.108360669174964,
  100000),
 (array([-0.32079527,  0.02396195, -0.45946278, -0.09841122,  0.29852601,
          1.04737904,  0.0555103 ,  0.32965718,  0.31072976,  0.48820275]),
  3.3965227092079826,
  100000),
 (array([ 0.01749133,  0.16338609,  0.06516773,  0.01883474, -1.18189777,
         -0.12454223, -0.0201683 ,  0.39308461,  0.2347677 , -0.06725531]),
  2.169629585674294,
  100000),
 (array([-0.24947911,  2.02090131, -1.44302745, -2.1051217 ,  0.44730838,
          0.11002329, -2.99994753,  0.34258999,  0.56778233,  0.9386729 ]),
  6.649655397962821,
  100000),
 (array([ 1.2556783 , -0.48946254,  0.11399611,  1.05863236, -2.60397353,
         -0.95931284,  1.91473821, -2.13903999, -1.29256432, -3.82317945]),
  7.549142617307162,
  100000),
 (array([ 0.03098887, -0.994189  ,  0.51411801, -0.19547243,  0.17757505,
         -1.04060459,  1.098135  , -0.77193599,  1.110162  , -1.17524748]),
  3.9558393816189974,
  100000),
 (array([-2.19845337,  1.18806729, -0.13385896, -1.36742474, -1.72471446,
          0.14477097, -2.24395513,  0.17214465, -0.96345871,  1.1572236 ]),
  5.662390123863606,
  100000),
 (array([-0.79672903, -2.16020536,  0.90113145,  0.07470461,  1.94672732,
         -1.18856166, -0.89901396, -0.64040035, -0.08527372,  0.62866652]),
  5.267931948645693,
  100000),
 (array([-0.33164571,  0.01945288, -0.01662067, -0.04576684,  0.19730132,
          0.18904562,  0.22926094, -0.26780038, -0.33610798, -0.1673356 ]),
  2.1806884470893455,
  100000),
 (array([ -1.        ,  -0.4       ,   9.4       , -14.3       ,
          -8.42      , -14.29259233,  -8.        ,   1.        ,
           5.3       ,   9.4       ]),
  13.153793329653805,
  100000)]

Giá trị trung bình (mean) của Ackley (d=10, n=16) trong DE: 6.609395421019866
Độ lệch chuẩn (std) của Ackley (d=10, n=16) trong DE: 4.3969244997112344