random_seed = 21521749

[(array([-7.3       , -7.3       , -1.        , -5.3       , 15.7       ,
          6.7       , -1.        , -0.95091632,  1.        , -3.1       ]),
  16.028061285594937,
  100096),
 (array([ 15.7       , -14.3       ,  -1.        ,   5.3       ,
          -7.99590496,  20.        , -13.7       ,  15.7       ,
         -12.9       ,  -8.        ]),
  19.749679426966612,
  100096),
 (array([-15.69934035,  -6.6       ,   1.        ,   1.7       ,
          -1.        , -14.3       ,  -1.        ,  -3.12687476,
         -11.07338727,  -1.        ]),
  17.17864878967704,
  100096),
 (array([ 14.3       ,  20.        ,  -9.4       ,  15.1       ,
          -0.85077812,  -6.7       ,  -1.        , -15.7       ,
          -1.        ,  13.92179716]),
  18.039715677314756,
  100096),
 (array([-15.7       , -20.        , -26.97      , -20.        ,
         -20.        ,  -1.        ,  -1.        ,   1.        ,
          -7.99675511,  -6.7       ]),
  19.192005434880365,
  100096),
 (array([  1. ,  -1. ,   5.3,  13.7,   1. ,  -1. ,  -8. , -15.1,  21.3,
         -12.9]),
  18.569643232022617,
  100096),
 (array([ -6.7       ,   1.        ,  20.        ,   1.        ,
          15.7       ,  -4.50018804,  -8.        ,   1.        ,
          -0.99229851, -10.98876729]),
  18.00790064325916,
  100096),
 (array([-29.        , -20.        ,  50.        ,  -1.        ,
         -20.        ,   1.        ,  -1.        , -20.        ,
          17.92031335,  27.        ]),
  19.08670691835075,
  100096),
 (array([ -1.26902292,  -8.57541057,  -3.59925735,  10.45774584,
           1.90331924, -23.78102003,  -2.88302356, -11.73128913,
          17.76546547,   2.03244356]),
  19.55349018247395,
  100096),
 (array([ -5.3       , -14.3       ,   6.7       ,   1.        ,
         -19.20683283,   0.4       , -20.        ,  -0.4       ,
          -1.        ,   8.        ]),
  19.104744060639536,
  100096)]

Giá trị trung bình (mean) của Ackley (d=10, n=128) trong DE: 18.451059565117976
Độ lệch chuẩn (std) của Ackley (d=10, n=128) trong DE: 1.1023485893803826