random_seed = 21521749

[(array([ -1.        ,  -1.        ,  -0.99542511, -29.        ,
          -1.        ,   1.80833039,  15.11181592, -20.        ,
          20.        , -21.99286909]),
  19.303000539210178,
  100096),
 (array([  1. ,   3.9,   1. , -20. ,  -1. ,   1. ,  14.3,  20. ,  -1. ,
           5.3]),
  18.09643192495923,
  100096),
 (array([  5.3,  13. ,  -1. , -15.7,  20. ,   5.3,   5.3,   1. ,  -1. ,
          20. ]),
  19.068000854103566,
  100096),
 (array([ 20.        ,   1.        ,   1.        , -14.3       ,
          -5.3       ,   1.        , -20.        , -13.70646381,
         -15.7       ,  -5.3       ]),
  19.570558737103415,
  100096),
 (array([ 20.        ,  -1.        , -50.        ,  20.        ,
         -28.99109497,  -8.        ,   3.9       ,  -1.        ,
          -1.        ,   1.        ]),
  19.723790521359618,
  100096),
 (array([  1. ,  -1. ,  29. ,   1. ,  29. ,  50. , -20. ,   1. ,   5.9,
          22. ]),
  19.683969560692216,
  100096),
 (array([ -1.        , -29.        , -20.        ,   1.        ,
           6.01836836,  -1.        ,  -1.        ,  -1.        ,
          20.        ,  14.3       ]),
  19.052904229581397,
  100096),
 (array([-28.39239534,   1.        ,  -6.7       ,  -8.        ,
           1.        ,   1.        ,   1.        ,  20.        ,
           1.        ,  20.        ]),
  19.270667919339004,
  100096),
 (array([  1.        ,   3.08566271, -12.3       ,   5.3       ,
          -3.1761553 ,   8.79630747, -11.31492137,  -1.        ,
          -3.9       ,  15.06826241]),
  17.18690138599571,
  100096),
 (array([  8.0834512 ,   1.        ,   3.89470095, -20.        ,
           1.        ,  20.        ,  29.        ,  -3.21193298,
          20.08086115,  15.7       ]),
  19.69844253052322,
  100096)]

Giá trị trung bình (mean) của Ackley (d=10, n=256) trong DE: 19.06546682028676
Độ lệch chuẩn (std) của Ackley (d=10, n=256) trong DE: 0.7770741629620821