random_seed = 21521749

[(array([ 0.92581162, -1.70111988, -0.05312813,  1.86885778, -3.06210513,
         -0.35698036,  4.53929041,  8.55551389, -0.42416694,  7.32584641]),
  11.232669006652662,
  100000),
 (array([-1.53226774, -6.05665523,  7.4       , -6.78929198,  2.38283659,
          5.03352651,  3.85870738, 13.7       , -3.3421025 , -6.        ]),
  13.630558337410944,
  100000),
 (array([-1.15003301, -9.67615574, -2.81500179, -2.19367944,  4.86035786,
          6.998256  ,  4.27963881,  3.53547557, -6.65957138,  1.37087874]),
  14.453322612185621,
  100000),
 (array([-0.49828126, -2.87471348, -1.21272334,  6.57032844, -1.91803334,
         -3.59348075,  0.18568184,  3.77983251,  0.12935997,  2.76688283]),
  10.759670433247797,
  100000),
 (array([-20.        ,   1.        ,  -2.99      ,   1.80684643,
          26.89693322, -15.7       ,  -4.99      ,  -0.3       ,
           5.92043451,  -0.98575767]),
  15.529983108767013,
  100000),
 (array([  2.4749    ,  11.11      , -15.26659846,  -6.672     ,
          -0.62781475,  -0.16939739,  -0.6542999 ,   1.11576789,
          -1.        ,   7.89      ]),
  16.560562457807283,
  100000),
 (array([ 0.49940694, -0.9648204 ,  1.23665831, -3.47055729, -3.0251678 ,
          3.50934603,  1.32491203,  2.95153321, -1.39163353,  0.40806921]),
  9.045652865003847,
  100000),
 (array([  0.96672069,  -5.158     ,  -8.07      ,  -0.76140364,
          -9.34942223,  -4.87354631,  -0.88165788, -10.8       ,
           1.90528002,  -0.4       ]),
  14.884935593704016,
  100000),
 (array([-3.17532873,  1.31974242,  1.69492409, -1.88982001,  1.2533831 ,
         -3.14579727, -0.70236842, -0.25101227,  1.07928496,  2.73589903]),
  6.594315287463477,
  100000),
 (array([ 1.34342254,  4.33872078, -2.83464538,  1.02059899,  1.        ,
         -1.2170811 ,  5.6172065 ,  2.16897068, -2.72575212, -1.75710224]),
  10.18261276737337,
  100000)]

Giá trị trung bình (mean) của Ackley (d=10, n=32) trong DE: 12.287428246961602
Độ lệch chuẩn (std) của Ackley (d=10, n=32) trong DE: 3.0465296858137756