random_seed = 21521749

[(array([ -6.7       ,   1.        ,  -5.9       , -10.1       ,
           1.00009974,   1.        , -14.3       ,  12.2       ,
           1.7       ,  -1.        ]),
  16.48169867385941,
  100032),
 (array([ -6.40173142,   8.8       , -10.8       ,   1.        ,
         -11.29      , -12.69      ,  -0.4       ,   3.41      ,
          -2.99      ,  15.1       ]),
  18.238542864019504,
  100032),
 (array([ -2.0013088 ,  16.024     ,   0.8032    ,  -0.5688    ,
           5.80914   ,  -1.80963615, -13.985     ,   2.53077592,
          -0.96246621,   9.67620968]),
  17.13704383893225,
  100032),
 (array([ -1.        ,  20.        ,  -1.        ,  -3.28662762,
           1.0038989 ,  -9.4       , -20.        ,  -1.07579065,
           8.59579326,  -1.        ]),
  18.29844513004691,
  100032),
 (array([  1.  ,   0.4 ,  -6.6 ,   5.3 ,   5.3 ,   0.4 , -15.7 ,  -0.4 ,
         -14.3 ,   2.43]),
  17.583877016815663,
  100032),
 (array([  5.3       ,  -5.9       ,  -1.        ,  -5.97700025,
         -11.6       ,   6.7       ,  -5.3       , -15.7       ,
           1.69979596,  -5.3       ]),
  17.370703674431745,
  100032),
 (array([ -1.        ,   5.3       ,   5.3       ,   1.00547335,
           8.        ,   0.4       , -12.3       , -20.        ,
           1.        ,   1.7       ]),
  17.519127906754306,
  100032),
 (array([ -8.08743446,  -1.        ,   6.7       ,  -8.        ,
          -7.4       ,   9.379925  , -17.92410637,  -5.3       ,
           5.28704281,  15.7       ]),
  18.736744695748552,
  100032),
 (array([ -6.97783447, -13.        ,  17.9       ,  12.91635766,
           5.9       ,  -3.00442147,   8.        ,  10.8       ,
          -1.        ,  -2.96      ]),
  17.440048041003266,
  100032),
 (array([-15.7       ,  -1.        ,   6.7       , -17.10087644,
          15.7       ,   1.        ,   1.        ,   8.        ,
          -1.        ,  -6.7       ]),
  18.27172387074495,
  100032)]

Giá trị trung bình (mean) của Ackley (d=10, n=64) trong DE: 17.707795571235657
Độ lệch chuẩn (std) của Ackley (d=10, n=64) trong DE: 0.6381734201778072