random_seed = 21521749

[(array([1.59633196, 1.86885637, 1.21738947, 1.12488803, 1.78154542,
         2.18102307, 2.92916811, 1.28343706, 2.45432502, 0.87798596]),
  -2.626681956551486,
  32),
 (array([2.21294802, 0.98996686, 1.41626051, 1.96288385, 0.11696146,
         2.71624148, 2.44255217, 2.0817805 , 1.14569401, 2.2026875 ]),
  -2.9905687410495303,
  32),
 (array([0.46789761, 0.68675357, 1.91985043, 1.2555008 , 2.12153873,
         2.92722432, 1.87256389, 1.42071079, 2.22034328, 1.18884278]),
  -2.6075575514296223,
  32),
 (array([0.51624382, 2.69835952, 0.36118129, 0.16963319, 1.07482776,
         1.49234942, 1.46103856, 0.7813026 , 0.41252014, 2.66519232]),
  -2.6190694242644588,
  32),
 (array([2.446415  , 2.45588049, 1.99355275, 2.6626034 , 0.59657318,
         1.55781402, 2.20938958, 0.88548732, 1.44980207, 1.53655397]),
  -2.2728432756160286,
  32),
 (array([0.85223148, 2.02811937, 1.28533161, 2.38093177, 0.97441922,
         2.27891758, 2.08704466, 0.31146631, 1.30984301, 1.1883704 ]),
  -2.9820301284282977,
  32),
 (array([2.40410377, 1.89535448, 1.2863271 , 1.22690803, 1.0263939 ,
         0.9948242 , 1.57022471, 0.24132692, 0.83666179, 0.76269976]),
  -3.042402106894107,
  32),
 (array([0.9210372 , 0.02423057, 0.01665392, 1.02528109, 0.42903912,
         0.36689565, 1.89773608, 1.76979748, 1.21643249, 1.87134217]),
  -2.8971829465679764,
  32),
 (array([2.26611202, 1.52111702, 1.81770612, 1.89432992, 1.30317623,
         3.12855607, 2.60101928, 1.70433403, 0.        , 2.68202476]),
  -2.533375978476642,
  32),
 (array([1.06041715, 2.59871969, 1.30567315, 2.50408759, 0.71823959,
         2.87942701, 0.93368221, 0.52396108, 0.31613682, 1.86460501]),
  -2.632304774314016,
  32)]

Giá trị trung bình (mean) của Michalewicz (d=10, n=16) trong DE: -2.7204016883592166
Độ lệch chuẩn (std) của Michalewicz (d=10, n=16) trong DE: 0.2347784466592933