random_seed = 21521749

[(array([0.59747874, 1.59417124, 1.75043233, 2.16007587, 1.70195086,
         0.        , 1.45293521, 1.74938852, 2.38488783, 1.35317739]),
  -3.811254582378157,
  512),
 (array([2.10889433, 1.56960503, 1.28092867, 2.03488008, 0.97206523,
         2.28473442, 1.00410693, 0.74123956, 0.58290497, 0.55088303]),
  -3.9856981046935847,
  512),
 (array([2.22114753, 1.67377011, 2.94573905, 1.18122689, 1.10776794,
         0.2199559 , 1.7252831 , 1.35935241, 2.47036184, 2.88266981]),
  -3.7789057016977985,
  512),
 (array([0.89510693, 0.48284266, 1.2440857 , 1.10809945, 1.0537632 ,
         2.0079179 , 1.4792737 , 0.12305422, 0.7656434 , 2.06047017]),
  -4.457810401328614,
  512),
 (array([1.74325131, 1.97461874, 0.71745547, 0.2132384 , 1.75118495,
         1.5574534 , 2.21755367, 0.88551039, 0.55661162, 2.10692069]),
  -3.4664947410610876,
  512),
 (array([1.97113873, 0.15570953, 0.15758246, 1.15870477, 1.72523032,
         0.90846076, 1.47480983, 1.09581354, 0.70303284, 2.01566577]),
  -4.160799363981164,
  512),
 (array([2.87804875, 1.3574691 , 0.93502885, 1.06498388, 1.71790997,
         2.92561523, 1.88728035, 2.1086905 , 1.67326482, 2.08083738]),
  -4.095208379872037,
  512),
 (array([1.04934394, 1.41198484, 1.3184445 , 2.5226932 , 3.03901732,
         0.35870846, 2.07741362, 1.76522255, 2.99530647, 1.85133139]),
  -3.411923452486258,
  512),
 (array([2.59514217, 1.43714606, 0.72666102, 1.91667736, 1.69813831,
         0.        , 1.04893811, 0.8159828 , 1.65009535, 3.02219427]),
  -3.9009979505892782,
  512),
 (array([0.22933078, 2.72600799, 1.31734948, 0.53183997, 0.26054113,
         2.01896951, 0.83597476, 2.35938356, 0.29761431, 2.54469232]),
  -3.9836129476642688,
  512)]

Giá trị trung bình (mean) của Michalewicz (d=10, n=256) trong DE: -3.9052705625752244
Độ lệch chuẩn (std) của Michalewicz (d=10, n=256) trong DE: 0.2966510855227747