random_seed = 21521749

[(array([1.5310241 , 1.60161741, 0.71077326, 1.07319093, 0.96998431,
         3.13203257, 2.99735742, 1.19254637, 0.03646763, 1.24250098]),
  -3.1871559474696074,
  128),
 (array([0.        , 2.11576375, 1.32583989, 1.18245283, 3.14159265,
         0.        , 0.        , 2.07824006, 1.31921594, 0.38342541]),
  -2.786924740968256,
  128),
 (array([2.09216166, 1.48064841, 2.50940185, 2.30043209, 0.65154225,
         3.14159265, 1.46825773, 1.39591137, 0.68110235, 1.78855552]),
  -3.153065828267117,
  128),
 (array([3.14159265, 1.67338221, 1.28547627, 2.47708184, 1.0391877 ,
         2.52704933, 1.78857531, 0.83092815, 1.84464252, 2.9158672 ]),
  -3.471203754052541,
  128),
 (array([2.10137891, 1.42330851, 0.33120876, 1.90680056, 1.03837681,
         2.60930291, 2.27308464, 2.60312762, 2.64661744, 1.32779243]),
  -3.3667493133179223,
  128),
 (array([2.26666863, 1.66617951, 2.22152803, 1.28355875, 0.8173295 ,
         0.22125423, 1.35660012, 0.72414417, 2.01409086, 1.49497754]),
  -2.7199984126442365,
  128),
 (array([2.27568697, 2.15548057, 1.21025226, 0.        , 0.        ,
         1.58093869, 0.0915362 , 1.28561227, 0.686667  , 1.83306067]),
  -3.219366568039712,
  128),
 (array([0.        , 1.6924919 , 1.01962491, 0.82711598, 0.95923426,
         1.73715017, 1.44350914, 0.78162205, 0.76481663, 3.14159265]),
  -3.5472617028243034,
  128),
 (array([2.45889395, 0.03187458, 2.57063921, 1.16547224, 1.75344847,
         2.71520734, 0.27896271, 0.83456166, 2.49129106, 2.33718144]),
  -3.1706037709284423,
  128),
 (array([2.29138461, 1.18676866, 2.24116972, 1.34382242, 2.22027724,
         1.37315274, 1.46034252, 2.73295084, 3.07786111, 2.5291375 ]),
  -3.7569276873929485,
  128)]

Giá trị trung bình (mean) của Michalewicz (d=10, n=64) trong DE: -3.2379257725905086
Độ lệch chuẩn (std) của Michalewicz (d=10, n=64) trong DE: 0.303705776791079