random_seed = 21521749

[(array([1.86364651, 1.49400236, 1.24992802, 2.71148267, 2.17845734,
         1.02407351, 0.8150539 , 1.53655879, 1.55300821, 1.19948434]),
  -3.6914638350396216,
  256),
 (array([0.72372122, 1.15027545, 1.2433199 , 2.94503962, 1.27050602,
         1.57624596, 1.86990045, 1.23218528, 0.13757718, 1.21767375]),
  -3.9047976548549297,
  256),
 (array([2.74740498, 0.73277734, 0.98639874, 1.89513371, 2.21867057,
         0.94307643, 0.84156655, 1.53519413, 0.69785708, 0.04994443]),
  -3.4876984632409234,
  256),
 (array([2.68173011, 1.53477908, 2.22816906, 0.6104774 , 1.70309284,
         1.21494618, 2.95513157, 2.07929528, 3.0296206 , 1.55246969]),
  -4.248172997820271,
  256),
 (array([1.33432577, 0.94507671, 1.28521482, 1.95420658, 1.42300843,
         0.86145769, 1.51589569, 1.35841562, 0.1141075 , 2.55339504]),
  -3.6334679130154393,
  256),
 (array([1.76463603, 2.91906971, 1.24042115, 2.71890779, 2.19547864,
         0.97410766, 1.36703192, 0.77860416, 1.27572652, 0.0437052 ]),
  -3.5925051507932055,
  256),
 (array([2.19602188, 1.62118492, 1.26481895, 1.10293692, 2.59801396,
         2.17057161, 2.88634764, 1.42694521, 0.45302161, 0.98641866]),
  -3.89152588454084,
  256),
 (array([2.12295259, 0.70694441, 2.36256587, 1.11158408, 3.04501418,
         1.63910603, 2.22839071, 1.35264913, 0.77554185, 0.32201816]),
  -4.0387401046733125,
  256),
 (array([2.30123102, 2.65870529, 1.30676087, 0.39923931, 1.74196661,
         2.68489508, 2.91283101, 2.86662537, 2.99707363, 1.84080173]),
  -3.48477860438582,
  256),
 (array([2.30768114, 3.0932661 , 1.01667134, 1.15487916, 1.66907464,
         1.5703287 , 3.05097037, 1.87691001, 0.82154036, 1.47528948]),
  -3.110015640813907,
  256)]

Giá trị trung bình (mean) của Michalewicz (d=10, n=128) trong DE: -3.7083166249178268
Độ lệch chuẩn (std) của Michalewicz (d=10, n=128) trong DE: 0.308009632719123