random_seed = 21521749

[(array([2.3538047 , 1.75470556, 3.14159265, 1.02699643, 3.14159265,
         1.55768588, 1.457888  , 1.81276672, 0.        , 2.33598371]),
  -3.8554661896955293,
  64),
 (array([2.30903258, 1.5810129 , 1.04619067, 0.62609386, 0.58270272,
         1.99342907, 1.47926574, 0.17263088, 2.85873293, 3.11765922]),
  -3.107056386231563,
  64),
 (array([1.62890654, 2.77062148, 3.12679434, 1.12987422, 0.00745751,
         0.38515801, 1.41930946, 2.56789018, 1.2945995 , 2.3011401 ]),
  -2.7957069872492344,
  64),
 (array([1.89976543, 1.5793824 , 1.0967644 , 1.07058773, 2.34286233,
         1.75098431, 0.59212167, 0.97465123, 2.79498626, 2.32768084]),
  -2.7844875794147064,
  64),
 (array([2.08596168, 2.74289934, 0.35005092, 0.22749459, 1.07740504,
         3.10916368, 1.49145849, 0.33451998, 1.63803687, 1.21224367]),
  -3.61090672772714,
  64),
 (array([2.51735858, 2.17068197, 2.52145629, 0.32215289, 1.84227363,
         2.01005154, 0.90403485, 2.34789557, 1.57520185, 2.10491662]),
  -2.744376149313825,
  64),
 (array([2.13909639, 0.82942085, 0.7125325 , 0.07387883, 1.061325  ,
         2.85869002, 1.45095778, 1.78464593, 2.08303621, 2.29464093]),
  -2.8061757694072806,
  64),
 (array([2.2121915 , 1.43362228, 1.34553083, 2.25971665, 0.22348768,
         1.57948734, 2.51246656, 2.11322525, 0.67347904, 1.8300133 ]),
  -4.387202941429278,
  64),
 (array([2.30305531, 0.54498159, 1.30112548, 2.2430653 , 2.54774521,
         0.86114665, 0.468419  , 0.52634137, 2.097502  , 1.86831771]),
  -3.029634861343922,
  64),
 (array([0.8041406 , 1.39678271, 2.25615082, 1.90854416, 1.73242435,
         2.57969405, 2.890275  , 0.71444042, 2.463423  , 1.20482176]),
  -4.517729486523388,
  64)]

Giá trị trung bình (mean) của Michalewicz (d=10, n=32) trong DE: -3.363874307833586
Độ lệch chuẩn (std) của Michalewicz (d=10, n=32) trong DE: 0.6490185687931416