random_seed = 21521749

[(array([1.93293596, 1.91866754, 0.85616899, 1.30400552, 2.10805207,
         0.20977679, 1.71250396, 1.65411182, 1.43639368, 1.85528826]),
  -1.1802927073415717,
  17),
 (array([2.54225298, 1.44898141, 0.95542186, 2.70470039, 1.78450624,
         0.51394121, 0.87323857, 2.99477603, 2.86066125, 0.60151092]),
  -1.874254650841636,
  17),
 (array([1.38646876, 0.65300953, 3.0208452 , 1.89027014, 0.24559159,
         0.52748627, 0.67433442, 2.62637391, 1.91303286, 2.25784376]),
  -1.0259928405847352,
  17),
 (array([2.25374271, 0.23220077, 0.71497782, 1.61392431, 0.10638891,
         1.83212975, 1.90315065, 0.63574763, 0.30552821, 0.9386844 ]),
  -1.37611796813678,
  17),
 (array([2.40652023, 1.78243525, 1.38742233, 0.28103774, 2.15829503,
         0.46961083, 1.7556103 , 0.2829848 , 2.15165452, 3.0302598 ]),
  -1.02503507273591,
  17),
 (array([2.90513303, 1.99179727, 2.34190216, 0.40834048, 2.18559454,
         2.94863623, 2.25998053, 0.17990504, 0.16919219, 2.28021494]),
  -0.6434988624402809,
  17),
 (array([0.43792429, 0.39239207, 2.12552736, 0.44234449, 1.22190421,
         2.68683034, 1.60235607, 1.06376497, 2.84751511, 2.70515715]),
  -0.5905879671865827,
  17),
 (array([2.8529919 , 1.76981166, 2.32692667, 0.14255221, 0.61039564,
         2.44588801, 2.37084355, 0.93574642, 0.71676529, 0.43840437]),
  -0.9349504051488302,
  17),
 (array([0.5696934 , 0.25047154, 1.47602951, 0.38223637, 2.60152828,
         2.77360963, 0.71850863, 2.10891464, 1.5714344 , 1.14332165]),
  -0.8169468091799962,
  17),
 (array([0.94905558, 2.60978233, 1.07104213, 1.50037067, 0.87120346,
         0.50104561, 2.32221491, 2.07960774, 2.7862568 , 1.59194188]),
  -1.9054937047963802,
  17)]

Giá trị trung bình (mean) của Michalewicz (d=10, n=16) trong CEM: -1.1373170988392705
Độ lệch chuẩn (std) của Michalewicz (d=10, n=16) trong CEM: 0.4362801795481534