random_seed = 21521749

[(array([0.17349374, 0.94007684, 0.13998816, 0.35460249, 1.2945068 ,
         1.46241065, 2.86999851, 2.3676692 , 2.45822223, 0.40783586]),
  -1.2164544381516529,
  65),
 (array([2.64183723, 1.51133857, 2.80343643, 1.11499369, 2.51097298,
         0.01455738, 2.78795655, 0.91431524, 1.97112065, 0.85759706]),
  -3.006463826228708,
  65),
 (array([0.02433377, 0.18360971, 0.27457651, 2.49290617, 2.71669924,
         1.76863768, 0.82887171, 0.58755309, 0.27819872, 0.19982456]),
  -1.3129381498854489,
  65),
 (array([1.1393126 , 0.27237141, 0.62305858, 1.33406644, 1.29711468,
         2.18765497, 0.60688069, 2.06780875, 2.84060936, 2.14732103]),
  -0.8661630781366674,
  65),
 (array([2.42891892, 0.59399009, 1.03726794, 1.34152565, 2.63776938,
         2.87855597, 2.26916698, 1.86289748, 2.53295479, 2.90986788]),
  -0.9407532078151126,
  65),
 (array([0.60765024, 0.36516793, 2.21674156, 0.82607183, 2.30199406,
         2.15018681, 0.63184507, 2.03174292, 2.747502  , 1.63112143]),
  -0.9191595780135174,
  65),
 (array([2.91770126, 0.8073095 , 1.7142542 , 1.31945457, 0.93084668,
         3.00914799, 0.89445302, 0.21450658, 2.01947476, 0.63236457]),
  -1.438025992320691,
  65),
 (array([1.07237553, 1.21097341, 2.0949258 , 2.03742133, 3.00802008,
         0.17529128, 2.49460279, 0.89836081, 2.03766951, 1.68286186]),
  -0.5096025316835628,
  65),
 (array([0.08518191, 1.21927981, 0.72398814, 1.78501016, 1.46363558,
         1.77574972, 0.29786871, 0.77846501, 0.11773358, 0.74564259]),
  -1.1760576651034693,
  65),
 (array([2.62847356, 1.97578282, 0.48483422, 1.87162989, 2.26975332,
         2.66539158, 2.43831632, 0.65376213, 1.7954498 , 2.83721045]),
  -0.8046883413747539,
  65)]

Giá trị trung bình (mean) của Michalewicz (d=10, n=64) trong CEM: -1.2190306808713587
Độ lệch chuẩn (std) của Michalewicz (d=10, n=64) trong CEM: 0.6496454859356174