random_seed = 21521749

[(array([0.72346689, 1.41383024, 0.77427017, 2.66236411, 1.71191544,
         2.87200175, 2.2959149 , 1.70181965, 0.35449029, 0.72637004]),
  -2.050427154696182,
  257),
 (array([1.5458471 , 2.68122108, 1.25482254, 0.49891446, 0.67402555,
         0.12664351, 2.09156255, 0.53875511, 3.12930069, 3.05676766]),
  -1.3549529598672814,
  257),
 (array([1.78556401, 0.56076346, 2.06576301, 1.60489517, 2.06764613,
         2.18620539, 0.78811847, 1.05404157, 0.06812446, 3.05792304]),
  -0.6259318625518207,
  257),
 (array([1.36005085, 1.46477456, 2.80271231, 1.46612837, 0.69345458,
         2.91239982, 2.02841434, 1.28989243, 1.68558934, 0.37671654]),
  -1.27142421287535,
  257),
 (array([2.37983101, 2.70682122, 1.67180555, 2.17234156, 1.3851049 ,
         1.67068769, 2.64072946, 2.57872348, 1.93586181, 1.0838388 ]),
  -1.4598458103197556,
  257),
 (array([2.32380581, 0.29867718, 1.42839384, 0.38044275, 1.46851484,
         1.92371632, 2.6538388 , 0.588907  , 2.39097829, 2.12561837]),
  -1.2831491232417602,
  257),
 (array([0.5088926 , 0.370552  , 1.08512271, 0.88120254, 1.29677659,
         0.87156806, 0.48633444, 1.18015897, 2.28987552, 1.00055912]),
  -0.7960802825931582,
  257),
 (array([1.84559457, 2.53931595, 0.29900195, 0.73994413, 1.74282888,
         0.31846432, 0.64061199, 0.95835028, 0.93063183, 1.0687255 ]),
  -0.9485251291736919,
  257),
 (array([0.25810402, 0.9956825 , 2.01382241, 2.60122387, 1.99964423,
         2.00490365, 2.92708569, 0.23978547, 1.79583647, 2.18676689]),
  -0.6631573854959476,
  257),
 (array([0.90657591, 0.24492998, 1.58950108, 2.56408844, 2.82894095,
         0.55812318, 2.02538762, 0.36747527, 1.67630007, 2.66193588]),
  -0.7089537894262137,
  257)]

Giá trị trung bình (mean) của Michalewicz (d=10, n=256) trong CEM: -1.1162447710241161
Độ lệch chuẩn (std) của Michalewicz (d=10, n=256) trong CEM: 0.42917289875951975