random_seed = 21521749

[(array([1.64134844, 0.25205133, 2.56177514, 2.45944986, 1.33263107,
         0.46717949, 2.51705807, 1.44778239, 1.00442576, 1.36338387]),
  -1.1004991417169934,
  129),
 (array([0.69463759, 1.38537186, 0.71145829, 2.09904665, 2.29880754,
         1.56701689, 2.06283505, 0.33322138, 0.71933679, 2.23688121]),
  -1.9160071672708083,
  129),
 (array([2.49070318, 1.10503709, 0.26588519, 0.6652426 , 2.76244215,
         2.01080417, 1.23838293, 2.83500346, 1.33693255, 2.07038461]),
  -1.4143748149621156,
  129),
 (array([1.21919572, 2.17243314, 0.62585124, 1.72886839, 2.96273097,
         1.40094331, 0.38404527, 0.74362366, 0.32455432, 0.23243844]),
  -0.6535369503717666,
  129),
 (array([0.60695972, 1.1425449 , 2.00022281, 2.24334462, 0.70168624,
         1.11103392, 2.6200753 , 1.9517684 , 1.65553208, 1.0544863 ]),
  -1.0000326990308004,
  129),
 (array([1.78046352, 1.82310389, 0.76637755, 1.68046829, 0.66914214,
         0.29986086, 0.53819012, 2.79807106, 2.61798611, 2.54571143]),
  -0.4698752481565926,
  129),
 (array([3.09793837, 1.60295593, 0.01950484, 0.13687727, 0.90044521,
         2.42619774, 2.46433061, 0.86321646, 2.71942112, 0.83617168]),
  -1.9426987930082844,
  129),
 (array([1.55021069, 2.21733389, 1.55259325, 2.50148433, 1.50603896,
         1.65919781, 2.06602308, 1.1638249 , 0.22816017, 1.28763347]),
  -0.6046973561116952,
  129),
 (array([1.25598892, 2.51270793, 0.57150258, 0.89603035, 2.21167925,
         2.82815522, 0.85775096, 1.79948985, 2.37484097, 2.30303043]),
  -1.8718126246253415,
  129),
 (array([0.89463357, 1.30142498, 1.10784901, 2.09545656, 1.55854278,
         2.07890445, 2.99112507, 1.42040762, 2.232814  , 1.92705624]),
  -1.2249375559869058,
  129)]

Giá trị trung bình (mean) của Michalewicz (d=10, n=128) trong CEM: -1.2198472351241303
Độ lệch chuẩn (std) của Michalewicz (d=10, n=128) trong CEM: 0.528603431395672