random_seed = 21521749

[(array([2.07562459, 0.15186519, 2.14618553, 2.10486276, 0.94254138,
         2.73013301, 0.9080397 , 2.12860261, 1.23433082, 1.13418158]),
  -2.60222272691806,
  33),
 (array([1.99667726, 2.44307954, 2.42558506, 1.67695359, 0.45126666,
         0.55921757, 2.07222968, 0.56370472, 1.62282802, 0.66281126]),
  -1.196055021787473,
  33),
 (array([0.4937603 , 0.19266054, 0.45250651, 0.9491082 , 0.583888  ,
         2.36459624, 2.38300849, 2.04137445, 1.86302787, 2.1370159 ]),
  -0.7400711106475589,
  33),
 (array([2.95737879, 1.88651263, 0.95347569, 0.59945345, 0.60989061,
         2.73366767, 1.91029558, 3.05822519, 1.97535921, 1.12050877]),
  -1.474962176393906,
  33),
 (array([0.51029441, 0.87920371, 1.2434718 , 1.71425715, 2.17442312,
         2.35042105, 2.95771144, 2.61423347, 2.35289292, 0.47678514]),
  -1.662736672730197,
  33),
 (array([0.08476042, 1.65987714, 2.56792943, 2.2148899 , 0.43172961,
         1.23130222, 2.68327712, 0.54270038, 1.75261976, 2.50565557]),
  -0.7943298038498662,
  33),
 (array([2.2518499 , 2.02557835, 2.82797865, 0.81999664, 1.2055569 ,
         0.94377896, 0.79324635, 1.80263818, 1.30907348, 0.82039839]),
  -3.0109252027402933,
  33),
 (array([1.39976449, 2.22200723, 0.5717648 , 2.86835463, 1.94539564,
         1.82414103, 0.61376033, 0.82643174, 2.97557449, 0.34455003]),
  -0.570529139241531,
  33),
 (array([1.52850812, 2.2934879 , 2.13645144, 2.55050822, 0.14503879,
         2.74765762, 1.50114234, 2.271084  , 2.83192126, 1.01080216]),
  -0.8779303732727558,
  33),
 (array([2.26484183, 1.55426561, 0.81486842, 0.80855071, 1.77594066,
         1.21667911, 0.72041414, 0.69188583, 2.06758089, 1.37121355]),
  -2.3983364089947026,
  33)]

Giá trị trung bình (mean) của Michalewicz (d=10, n=32) trong CEM: -1.5328098636576342
Độ lệch chuẩn (std) của Michalewicz (d=10, n=32) trong CEM: 0.8209674202639929